===========QuickSort Using First Item Pivot and Smallest Partition Size=============
44
55
57
68
115
119
128
142
144
153
177
266
267
300
317
320
323
341
366
370
471
497
510
518
519
526
551
560
561
567
570
604
610
631
642
660
661
685
691
748
766
836
845
853
860
961
987
992
1006
1011
1036
1071
1097
1130
1141
1170
1171
1213
1215
1241
1296
1330
1336
1349
1359
1388
1395
1397
1418
1435
1453
1474
1562
1575
1635
1640
1650
1702
1752
1761
1774
1783
1789
1804
1817
1826
1943
2020
2024
2025
2079
2129
2131
2162
2171
2189
2200
2205
2296
2310
2341
2407
2413
2421
2486
2489
2509
2520
2521
2524
2567
2583
2621
2666
2670
2737
2751
2768
2783
2802
2804
2809
2819
2840
2877
2889
2897
2902
2915
2920
2957
2958
2960
2961
2962
2970
3022
3032
3055
3073
3077
3087
3095
3101
3110
3131
3143
3145
3161
3191
3262
3342
3345
3383
3409
3442
3444
3450
3455
3460
3471
3479
3490
3497
3512
3514
3557
3569
3570
3581
3587
3627
3642
3649
3700
3723
3730
3773
3775
3804
3806
3832
3839
3843
3845
3866
3888
3916
3955
3965
4026
4032
4061
4062
4086
4098
4101
4106
4118
4121
4166
4173
4183
4188
4221
4310
4332
4335
4339
4386
4396
4427
4440
4441
4443
4577
4610
4612
4628
4635
4651
4717
4743
4746
4748
4752
4762
4764
4775
4785
4788
4892
4896
4926
4930
4932
4943
4946
4966
4972
4977
4992
5001
5004
5014
5040
5077
5082
5100
5107
5151
5200
5212
5221
5223
5231
5237
5280
5284
5289
5312
5321
5329
5345
5384
5426
5428
5454
5472
5487
5563
5568
5586
5598
5614
5646
5671
5685
5688
5699
5723
5732
5733
5739
5758
5840
5842
5846
5862
5885
6003
6004
6017
6088
6143
6169
6180
6190
6192
6196
6199
6224
6255
6260
6327
6362
6373
6388
6411
6430
6471
6478
6531
6542
6556
6667
6709
6738
6745
6748
6752
6757
6768
6781
6792
6804
6806
6835
6940
6966
6967
7184
7187
7215
7235
7313
7323
7428
7430
7453
7458
7470
7480
7529
7543
7551
7564
7591
7601
7618
7626
7641
7645
7660
7683
7687
7693
7700
7708
7732
7772
7802
7822
7838
7855
7867
7888
7955
7962
7966
7998
8011
8051
8057
8078
8085
8086
8094
8119
8128
8133
8161
8172
8183
8187
8209
8213
8222
8247
8293
8347
8366
8377
8419
8429
8475
8496
8504
8547
8548
8609
8621
8635
8643
8658
8676
8709
8713
8743
8748
8751
8752
8753
8763
8773
8811
8842
8864
8867
8908
8949
8973
8975
8986
9029
9044
9064
9122
9130
9141
9171
9195
9199
9217
9253
9261
9280
9301
9317
9338
9362
9393
9401
9407
9418
9462
9464
9471
9472
9513
9542
9552
9583
9593
9620
9623
9625
9632
9663
9676
9679
9685
9725
9740
9744
9750
9796
9806
9838
9871
9901
9911
9958
9971
10025
10029
10032
10042
10066
10090
10091
10100
10113
10140
10183
10198
10239
10247
10295
10306
10315
10342
10349
10363
10371
10383
10391
10394
10396
10409
10410
10416
10420
10426
10432
10434
10452
10475
10476
10499
10502
10511
10516
10525
10536
10556
10564
10584
10638
10698
10712
10731
10734
10745
10773
10793
10794
10817
10834
10838
10892
10970
11005
11011
11013
11020
11035
11036
11127
11157
11163
11190
11191
11201
11205
11209
11355
11358
11387
11416
11419
11437
11441
11449
11458
11463
11477
11479
11498
11523
11534
11560
11561
11566
11582
11642
11644
11645
11659
11733
11740
11745
11756
11758
11760
11787
11896
11907
11952
11953
11967
11968
11972
11973
11989
11990
12063
12066
12068
12069
12077
12105
12106
12110
12117
12137
12153
12178
12271
12280
12283
12289
12332
12336
12395
12477
12500
12512
12526
12545
12548
12550
12553
12592
12598
12615
12676
12728
12729
12737
12738
12762
12767
12798
12804
12869
12886
12896
12911
12916
12970
12997
13011
13023
13042
13066
13069
13092
13116
13135
13138
13140
13161
13169
13176
13178
13189
13210
13221
13238
13253
13256
13277
13283
13290
13304
13316
13351
13357
13376
13381
13384
13388
13408
13431
13466
13479
13486
13513
13522
13566
13570
13603
13621
13629
13659
13668
13723
13724
13808
13813
13814
13819
13864
13870
13878
13887
13906
13951
13962
14016
14025
14028
14035
14036
14043
14057
14093
14099
14118
14139
14149
14151
14188
14221
14227
14235
14248
14264
14307
14314
14319
14359
14375
14405
14445
14446
14459
14471
14473
14527
14533
14536
14564
14601
14654
14658
14717
14721
14742
14748
14757
14769
14775
14777
14799
14832
14843
14854
14857
14891
14899
14902
14912
14928
14960
15074
15143
15173
15185
15211
15237
15241
15244
15329
15336
15374
15377
15385
15394
15402
15404
15445
15456
15465
15469
15500
15501
15508
15553
15556
15586
15592
15602
15610
15641
15651
15689
15691
15724
15729
15766
15800
15825
15832
15946
15949
15952
15976
16002
16020
16083
16101
16109
16123
16129
16154
16167
16219
16232
16236
16242
16247
16259
16284
16286
16310
16347
16351
16355
16360
16433
16437
16446
16452
16471
16493
16499
16510
16516
16525
16529
16544
16546
16569
16571
16578
16582
16595
16597
16602
16607
16616
16633
16699
16709
16714
16733
16752
16753
16766
16781
16798
16846
16854
16862
16902
16910
16918
16925
16940
16944
16946
16955
16960
16972
16978
16981
17033
17058
17067
17085
17126
17129
17134
17142
17161
17169
17190
17225
17228
17240
17307
17327
17344
17347
17355
17360
17366
17392
17394
17404
17415
17428
17463
17529
17578
17592
17604
17615
17639
17655
17692
17718
17720
17743
17748
17752
17761
17824
17833
17834
17873
17889
17937
17941
17959
17978
17980
18019
18026
18051
18060
18086
18108
18112
18113
18188
18194
18219
18231
18247
18291
18313
18323
18324
18340
18347
18348
18368
18372
18443
18450
18503
18525
18573
18577
18599
18618
18634
18655
18667
18741
18742
18756
18777
18821
18838
18865
18866
18961
18986
19039
19059
19074
19086
19088
19122
19131
19162
19218
19248
19328
19331
19364
19388
19425
19449
19456
19457
19506
19525
19540
19551
19555
19560
19572
19598
19636
19669
19717
19734
19740
19746
19747
19773
19809
19819
19890
19892
19900
19904
19914
19925
19938
19950
19965
19978
19981
19983
TIME ELAPSED IN NANOSECONDS: 455336

===========QuickSort Using First Item and 100 Partition Size=============
44
55
57
68
115
119
128
142
144
153
177
266
267
300
317
320
323
341
366
370
471
497
510
518
519
526
551
560
561
567
570
604
610
631
642
660
661
685
691
748
766
836
845
853
860
961
987
992
1006
1011
1036
1071
1097
1130
1141
1170
1171
1213
1215
1241
1296
1330
1336
1349
1359
1388
1395
1397
1418
1435
1453
1474
1562
1575
1635
1640
1650
1702
1752
1761
1774
1783
1789
1804
1817
1826
1943
2020
2024
2025
2079
2129
2131
2162
2171
2189
2200
2205
2296
2310
2341
2407
2413
2421
2486
2489
2509
2520
2521
2524
2567
2583
2621
2666
2670
2737
2751
2768
2783
2802
2804
2809
2819
2840
2877
2889
2897
2902
2915
2920
2957
2958
2960
2961
2962
2970
3022
3032
3055
3073
3077
3087
3095
3101
3110
3131
3143
3145
3161
3191
3262
3342
3345
3383
3409
3442
3444
3450
3455
3460
3471
3479
3490
3497
3512
3514
3557
3569
3570
3581
3587
3627
3642
3649
3700
3723
3730
3773
3775
3804
3806
3832
3839
3843
3845
3866
3888
3916
3955
3965
4026
4032
4061
4062
4086
4098
4101
4106
4118
4121
4166
4173
4183
4188
4221
4310
4332
4335
4339
4386
4396
4427
4440
4441
4443
4577
4610
4612
4628
4635
4651
4717
4743
4746
4748
4752
4762
4764
4775
4785
4788
4892
4896
4926
4930
4932
4943
4946
4966
4972
4977
4992
5001
5004
5014
5040
5077
5082
5100
5107
5151
5200
5212
5221
5223
5231
5237
5280
5284
5289
5312
5321
5329
5345
5384
5426
5428
5454
5472
5487
5563
5568
5586
5598
5614
5646
5671
5685
5688
5699
5723
5732
5733
5739
5758
5840
5842
5846
5862
5885
6003
6004
6017
6088
6143
6169
6180
6190
6192
6196
6199
6224
6255
6260
6327
6362
6373
6388
6411
6430
6471
6478
6531
6542
6556
6667
6709
6738
6745
6748
6752
6757
6768
6781
6792
6804
6806
6835
6940
6966
6967
7184
7187
7215
7235
7313
7323
7428
7430
7453
7458
7470
7480
7529
7543
7551
7564
7591
7601
7618
7626
7641
7645
7660
7683
7687
7693
7700
7708
7732
7772
7802
7822
7838
7855
7867
7888
7955
7962
7966
7998
8011
8051
8057
8078
8085
8086
8094
8119
8128
8133
8161
8172
8183
8187
8209
8213
8222
8247
8293
8347
8366
8377
8419
8429
8475
8496
8504
8547
8548
8609
8621
8635
8643
8658
8676
8709
8713
8743
8748
8751
8752
8753
8763
8773
8811
8842
8864
8867
8908
8949
8973
8975
8986
9029
9044
9064
9122
9130
9141
9171
9195
9199
9217
9253
9261
9280
9301
9317
9338
9362
9393
9401
9407
9418
9462
9464
9471
9472
9513
9542
9552
9583
9593
9620
9623
9625
9632
9663
9676
9679
9685
9725
9740
9744
9750
9796
9806
9838
9871
9901
9911
9958
9971
10025
10029
10032
10042
10066
10090
10091
10100
10113
10140
10183
10198
10239
10247
10295
10306
10315
10342
10349
10363
10371
10383
10391
10394
10396
10409
10410
10416
10420
10426
10432
10434
10452
10475
10476
10499
10502
10511
10516
10525
10536
10556
10564
10584
10638
10698
10712
10731
10734
10745
10773
10793
10794
10817
10834
10838
10892
10970
11005
11011
11013
11020
11035
11036
11127
11157
11163
11190
11191
11201
11205
11209
11355
11358
11387
11416
11419
11437
11441
11449
11458
11463
11477
11479
11498
11523
11534
11560
11561
11566
11582
11642
11644
11645
11659
11733
11740
11745
11756
11758
11760
11787
11896
11907
11952
11953
11967
11968
11972
11973
11989
11990
12063
12066
12068
12069
12077
12105
12106
12110
12117
12137
12153
12178
12271
12280
12283
12289
12332
12336
12395
12477
12500
12512
12526
12545
12548
12550
12553
12592
12598
12615
12676
12728
12729
12737
12738
12762
12767
12798
12804
12869
12886
12896
12911
12916
12970
12997
13011
13023
13042
13066
13069
13092
13116
13135
13138
13140
13161
13169
13176
13178
13189
13210
13221
13238
13253
13256
13277
13283
13290
13304
13316
13351
13357
13376
13381
13384
13388
13408
13431
13466
13479
13486
13513
13522
13566
13570
13603
13621
13629
13659
13668
13723
13724
13808
13813
13814
13819
13864
13870
13878
13887
13906
13951
13962
14016
14025
14028
14035
14036
14043
14057
14093
14099
14118
14139
14149
14151
14188
14221
14227
14235
14248
14264
14307
14314
14319
14359
14375
14405
14445
14446
14459
14471
14473
14527
14533
14536
14564
14601
14654
14658
14717
14721
14742
14748
14757
14769
14775
14777
14799
14832
14843
14854
14857
14891
14899
14902
14912
14928
14960
15074
15143
15173
15185
15211
15237
15241
15244
15329
15336
15374
15377
15385
15394
15402
15404
15445
15456
15465
15469
15500
15501
15508
15553
15556
15586
15592
15602
15610
15641
15651
15689
15691
15724
15729
15766
15800
15825
15832
15946
15949
15952
15976
16002
16020
16083
16101
16109
16123
16129
16154
16167
16219
16232
16236
16242
16247
16259
16284
16286
16310
16347
16351
16355
16360
16433
16437
16446
16452
16471
16493
16499
16510
16516
16525
16529
16544
16546
16569
16571
16578
16582
16595
16597
16602
16607
16616
16633
16699
16709
16714
16733
16752
16753
16766
16781
16798
16846
16854
16862
16902
16910
16918
16925
16940
16944
16946
16955
16960
16972
16978
16981
17033
17058
17067
17085
17126
17129
17134
17142
17161
17169
17190
17225
17228
17240
17307
17327
17344
17347
17355
17360
17366
17392
17394
17404
17415
17428
17463
17529
17578
17592
17604
17615
17639
17655
17692
17718
17720
17743
17748
17752
17761
17824
17833
17834
17873
17889
17937
17941
17959
17978
17980
18019
18026
18051
18060
18086
18108
18112
18113
18188
18194
18219
18231
18247
18291
18313
18323
18324
18340
18347
18348
18368
18372
18443
18450
18503
18525
18573
18577
18599
18618
18634
18655
18667
18741
18742
18756
18777
18821
18838
18865
18866
18961
18986
19039
19059
19074
19086
19088
19122
19131
19162
19218
19248
19328
19331
19364
19388
19425
19449
19456
19457
19506
19525
19540
19551
19555
19560
19572
19598
19636
19669
19717
19734
19740
19746
19747
19773
19809
19819
19890
19892
19900
19904
19914
19925
19938
19950
19965
19978
19981
19983
TIME ELAPSED IN NANOSECONDS: 397385

===========QuickSort Using First Item and 50 Partition Size=============
44
55
57
68
115
119
128
142
144
153
177
266
267
300
317
320
323
341
366
370
471
497
510
518
519
526
551
560
561
567
570
604
610
631
642
660
661
685
691
748
766
836
845
853
860
961
987
992
1006
1011
1036
1071
1097
1130
1141
1170
1171
1213
1215
1241
1296
1330
1336
1349
1359
1388
1395
1397
1418
1435
1453
1474
1562
1575
1635
1640
1650
1702
1752
1761
1774
1783
1789
1804
1817
1826
1943
2020
2024
2025
2079
2129
2131
2162
2171
2189
2200
2205
2296
2310
2341
2407
2413
2421
2486
2489
2509
2520
2521
2524
2567
2583
2621
2666
2670
2737
2751
2768
2783
2802
2804
2809
2819
2840
2877
2889
2897
2902
2915
2920
2957
2958
2960
2961
2962
2970
3022
3032
3055
3073
3077
3087
3095
3101
3110
3131
3143
3145
3161
3191
3262
3342
3345
3383
3409
3442
3444
3450
3455
3460
3471
3479
3490
3497
3512
3514
3557
3569
3570
3581
3587
3627
3642
3649
3700
3723
3730
3773
3775
3804
3806
3832
3839
3843
3845
3866
3888
3916
3955
3965
4026
4032
4061
4062
4086
4098
4101
4106
4118
4121
4166
4173
4183
4188
4221
4310
4332
4335
4339
4386
4396
4427
4440
4441
4443
4577
4610
4612
4628
4635
4651
4717
4743
4746
4748
4752
4762
4764
4775
4785
4788
4892
4896
4926
4930
4932
4943
4946
4966
4972
4977
4992
5001
5004
5014
5040
5077
5082
5100
5107
5151
5200
5212
5221
5223
5231
5237
5280
5284
5289
5312
5321
5329
5345
5384
5426
5428
5454
5472
5487
5563
5568
5586
5598
5614
5646
5671
5685
5688
5699
5723
5732
5733
5739
5758
5840
5842
5846
5862
5885
6003
6004
6017
6088
6143
6169
6180
6190
6192
6196
6199
6224
6255
6260
6327
6362
6373
6388
6411
6430
6471
6478
6531
6542
6556
6667
6709
6738
6745
6748
6752
6757
6768
6781
6792
6804
6806
6835
6940
6966
6967
7184
7187
7215
7235
7313
7323
7428
7430
7453
7458
7470
7480
7529
7543
7551
7564
7591
7601
7618
7626
7641
7645
7660
7683
7687
7693
7700
7708
7732
7772
7802
7822
7838
7855
7867
7888
7955
7962
7966
7998
8011
8051
8057
8078
8085
8086
8094
8119
8128
8133
8161
8172
8183
8187
8209
8213
8222
8247
8293
8347
8366
8377
8419
8429
8475
8496
8504
8547
8548
8609
8621
8635
8643
8658
8676
8709
8713
8743
8748
8751
8752
8753
8763
8773
8811
8842
8864
8867
8908
8949
8973
8975
8986
9029
9044
9064
9122
9130
9141
9171
9195
9199
9217
9253
9261
9280
9301
9317
9338
9362
9393
9401
9407
9418
9462
9464
9471
9472
9513
9542
9552
9583
9593
9620
9623
9625
9632
9663
9676
9679
9685
9725
9740
9744
9750
9796
9806
9838
9871
9901
9911
9958
9971
10025
10029
10032
10042
10066
10090
10091
10100
10113
10140
10183
10198
10239
10247
10295
10306
10315
10342
10349
10363
10371
10383
10391
10394
10396
10409
10410
10416
10420
10426
10432
10434
10452
10475
10476
10499
10502
10511
10516
10525
10536
10556
10564
10584
10638
10698
10712
10731
10734
10745
10773
10793
10794
10817
10834
10838
10892
10970
11005
11011
11013
11020
11035
11036
11127
11157
11163
11190
11191
11201
11205
11209
11355
11358
11387
11416
11419
11437
11441
11449
11458
11463
11477
11479
11498
11523
11534
11560
11561
11566
11582
11642
11644
11645
11659
11733
11740
11745
11756
11758
11760
11787
11896
11907
11952
11953
11967
11968
11972
11973
11989
11990
12063
12066
12068
12069
12077
12105
12106
12110
12117
12137
12153
12178
12271
12280
12283
12289
12332
12336
12395
12477
12500
12512
12526
12545
12548
12550
12553
12592
12598
12615
12676
12728
12729
12737
12738
12762
12767
12798
12804
12869
12886
12896
12911
12916
12970
12997
13011
13023
13042
13066
13069
13092
13116
13135
13138
13140
13161
13169
13176
13178
13189
13210
13221
13238
13253
13256
13277
13283
13290
13304
13316
13351
13357
13376
13381
13384
13388
13408
13431
13466
13479
13486
13513
13522
13566
13570
13603
13621
13629
13659
13668
13723
13724
13808
13813
13814
13819
13864
13870
13878
13887
13906
13951
13962
14016
14025
14028
14035
14036
14043
14057
14093
14099
14118
14139
14149
14151
14188
14221
14227
14235
14248
14264
14307
14314
14319
14359
14375
14405
14445
14446
14459
14471
14473
14527
14533
14536
14564
14601
14654
14658
14717
14721
14742
14748
14757
14769
14775
14777
14799
14832
14843
14854
14857
14891
14899
14902
14912
14928
14960
15074
15143
15173
15185
15211
15237
15241
15244
15329
15336
15374
15377
15385
15394
15402
15404
15445
15456
15465
15469
15500
15501
15508
15553
15556
15586
15592
15602
15610
15641
15651
15689
15691
15724
15729
15766
15800
15825
15832
15946
15949
15952
15976
16002
16020
16083
16101
16109
16123
16129
16154
16167
16219
16232
16236
16242
16247
16259
16284
16286
16310
16347
16351
16355
16360
16433
16437
16446
16452
16471
16493
16499
16510
16516
16525
16529
16544
16546
16569
16571
16578
16582
16595
16597
16602
16607
16616
16633
16699
16709
16714
16733
16752
16753
16766
16781
16798
16846
16854
16862
16902
16910
16918
16925
16940
16944
16946
16955
16960
16972
16978
16981
17033
17058
17067
17085
17126
17129
17134
17142
17161
17169
17190
17225
17228
17240
17307
17327
17344
17347
17355
17360
17366
17392
17394
17404
17415
17428
17463
17529
17578
17592
17604
17615
17639
17655
17692
17718
17720
17743
17748
17752
17761
17824
17833
17834
17873
17889
17937
17941
17959
17978
17980
18019
18026
18051
18060
18086
18108
18112
18113
18188
18194
18219
18231
18247
18291
18313
18323
18324
18340
18347
18348
18368
18372
18443
18450
18503
18525
18573
18577
18599
18618
18634
18655
18667
18741
18742
18756
18777
18821
18838
18865
18866
18961
18986
19039
19059
19074
19086
19088
19122
19131
19162
19218
19248
19328
19331
19364
19388
19425
19449
19456
19457
19506
19525
19540
19551
19555
19560
19572
19598
19636
19669
19717
19734
19740
19746
19747
19773
19809
19819
19890
19892
19900
19904
19914
19925
19938
19950
19965
19978
19981
19983
TIME ELAPSED IN NANOSECONDS: 377308

===========QuickSort Using Median Item and Smallest Partition Size=============
44
55
57
68
115
119
128
142
144
153
177
266
267
300
317
320
323
341
366
370
471
497
510
518
519
526
551
560
561
567
570
604
610
631
642
660
661
685
691
748
766
836
845
853
860
961
987
992
1006
1011
1036
1071
1097
1130
1141
1170
1171
1213
1215
1241
1296
1330
1336
1349
1359
1388
1395
1397
1418
1435
1453
1474
1562
1575
1635
1640
1650
1702
1752
1761
1774
1783
1789
1804
1817
1826
1943
2020
2024
2025
2079
2129
2131
2162
2171
2189
2200
2205
2296
2310
2341
2407
2413
2421
2486
2489
2509
2520
2521
2524
2567
2583
2621
2666
2670
2737
2751
2768
2783
2802
2804
2809
2819
2840
2877
2889
2897
2902
2915
2920
2957
2958
2960
2961
2962
2970
3022
3032
3055
3073
3077
3087
3095
3101
3110
3131
3143
3145
3161
3191
3262
3342
3345
3383
3409
3442
3444
3450
3455
3460
3471
3479
3490
3497
3512
3514
3557
3569
3570
3581
3587
3627
3642
3649
3700
3723
3730
3773
3775
3804
3806
3832
3839
3843
3845
3866
3888
3916
3955
3965
4026
4032
4061
4062
4086
4098
4101
4106
4118
4121
4166
4173
4183
4188
4221
4310
4332
4335
4339
4386
4396
4427
4440
4441
4443
4577
4610
4612
4628
4635
4651
4717
4743
4746
4748
4752
4762
4764
4775
4785
4788
4892
4896
4926
4930
4932
4943
4946
4966
4972
4977
4992
5001
5004
5014
5040
5077
5082
5100
5107
5151
5200
5212
5221
5223
5231
5237
5280
5284
5289
5312
5321
5329
5345
5384
5426
5428
5454
5472
5487
5563
5568
5586
5598
5614
5646
5671
5685
5688
5699
5723
5732
5733
5739
5758
5840
5842
5846
5862
5885
6003
6004
6017
6088
6143
6169
6180
6190
6192
6196
6199
6224
6255
6260
6327
6362
6373
6388
6411
6430
6471
6478
6531
6542
6556
6667
6709
6738
6745
6748
6752
6757
6768
6781
6792
6804
6806
6835
6940
6966
6967
7184
7187
7215
7235
7313
7323
7428
7430
7453
7458
7470
7480
7529
7543
7551
7564
7591
7601
7618
7626
7641
7645
7660
7683
7687
7693
7700
7708
7732
7772
7802
7822
7838
7855
7867
7888
7955
7962
7966
7998
8011
8051
8057
8078
8085
8086
8094
8119
8128
8133
8161
8172
8183
8187
8209
8213
8222
8247
8293
8347
8366
8377
8419
8429
8475
8496
8504
8547
8548
8609
8621
8635
8643
8658
8676
8709
8713
8743
8748
8751
8752
8753
8763
8773
8811
8842
8864
8867
8908
8949
8973
8975
8986
9029
9044
9064
9122
9130
9141
9171
9195
9199
9217
9253
9261
9280
9301
9317
9338
9362
9393
9401
9407
9418
9462
9464
9471
9472
9513
9542
9552
9583
9593
9620
9623
9625
9632
9663
9676
9679
9685
9725
9740
9744
9750
9796
9806
9838
9871
9901
9911
9958
9971
10025
10029
10032
10042
10066
10090
10091
10100
10113
10140
10183
10198
10239
10247
10295
10306
10315
10342
10349
10363
10371
10383
10391
10394
10396
10409
10410
10416
10420
10426
10432
10434
10452
10475
10476
10499
10502
10511
10516
10525
10536
10556
10564
10584
10638
10698
10712
10731
10734
10745
10773
10793
10794
10817
10834
10838
10892
10970
11005
11011
11013
11020
11035
11036
11127
11157
11163
11190
11191
11201
11205
11209
11355
11358
11387
11416
11419
11437
11441
11449
11458
11463
11477
11479
11498
11523
11534
11560
11561
11566
11582
11642
11644
11645
11659
11733
11740
11745
11756
11758
11760
11787
11896
11907
11952
11953
11967
11968
11972
11973
11989
11990
12063
12066
12068
12069
12077
12105
12106
12110
12117
12137
12153
12178
12271
12280
12283
12289
12332
12336
12395
12477
12500
12512
12526
12545
12548
12550
12553
12592
12598
12615
12676
12728
12729
12737
12738
12762
12767
12798
12804
12869
12886
12896
12911
12916
12970
12997
13011
13023
13042
13066
13069
13092
13116
13135
13138
13140
13161
13169
13176
13178
13189
13210
13221
13238
13253
13256
13277
13283
13290
13304
13316
13351
13357
13376
13381
13384
13388
13408
13431
13466
13479
13486
13513
13522
13566
13570
13603
13621
13629
13659
13668
13723
13724
13808
13813
13814
13819
13864
13870
13878
13887
13906
13951
13962
14016
14025
14028
14035
14036
14043
14057
14093
14099
14118
14139
14149
14151
14188
14221
14227
14235
14248
14264
14307
14314
14319
14359
14375
14405
14445
14446
14459
14471
14473
14527
14533
14536
14564
14601
14654
14658
14717
14721
14742
14748
14757
14769
14775
14777
14799
14832
14843
14854
14857
14891
14899
14902
14912
14928
14960
15074
15143
15173
15185
15211
15237
15241
15244
15329
15336
15374
15377
15385
15394
15402
15404
15445
15456
15465
15469
15500
15501
15508
15553
15556
15586
15592
15602
15610
15641
15651
15689
15691
15724
15729
15766
15800
15825
15832
15946
15949
15952
15976
16002
16020
16083
16101
16109
16123
16129
16154
16167
16219
16232
16236
16242
16247
16259
16284
16286
16310
16347
16351
16355
16360
16433
16437
16446
16452
16471
16493
16499
16510
16516
16525
16529
16544
16546
16569
16571
16578
16582
16595
16597
16602
16607
16616
16633
16699
16709
16714
16733
16752
16753
16766
16781
16798
16846
16854
16862
16902
16910
16918
16925
16940
16944
16946
16955
16960
16972
16978
16981
17033
17058
17067
17085
17126
17129
17134
17142
17161
17169
17190
17225
17228
17240
17307
17327
17344
17347
17355
17360
17366
17392
17394
17404
17415
17428
17463
17529
17578
17592
17604
17615
17639
17655
17692
17718
17720
17743
17748
17752
17761
17824
17833
17834
17873
17889
17937
17941
17959
17978
17980
18019
18026
18051
18060
18086
18108
18112
18113
18188
18194
18219
18231
18247
18291
18313
18323
18324
18340
18347
18348
18368
18372
18443
18450
18503
18525
18573
18577
18599
18618
18634
18655
18667
18741
18742
18756
18777
18821
18838
18865
18866
18961
18986
19039
19059
19074
19086
19088
19122
19131
19162
19218
19248
19328
19331
19364
19388
19425
19449
19456
19457
19506
19525
19540
19551
19555
19560
19572
19598
19636
19669
19717
19734
19740
19746
19747
19773
19809
19819
19890
19892
19900
19904
19914
19925
19938
19950
19965
19978
19981
19983
TIME ELAPSED IN NANOSECONDS: 242047

===========HeapSort=============
44
55
57
68
115
119
128
142
144
153
177
266
267
300
317
320
323
341
366
370
471
497
510
518
519
526
551
560
561
567
570
604
610
631
642
660
661
685
691
748
766
836
845
853
860
961
987
992
1006
1011
1036
1071
1097
1130
1141
1170
1171
1213
1215
1241
1296
1330
1336
1349
1359
1388
1395
1397
1418
1435
1453
1474
1562
1575
1635
1640
1650
1702
1752
1761
1774
1783
1789
1804
1817
1826
1943
2020
2024
2025
2079
2129
2131
2162
2171
2189
2200
2205
2296
2310
2341
2407
2413
2421
2486
2489
2509
2520
2521
2524
2567
2583
2621
2666
2670
2737
2751
2768
2783
2802
2804
2809
2819
2840
2877
2889
2897
2902
2915
2920
2957
2958
2960
2961
2962
2970
3022
3032
3055
3073
3077
3087
3095
3101
3110
3131
3143
3145
3161
3191
3262
3342
3345
3383
3409
3442
3444
3450
3455
3460
3471
3479
3490
3497
3512
3514
3557
3569
3570
3581
3587
3627
3642
3649
3700
3723
3730
3773
3775
3804
3806
3832
3839
3843
3845
3866
3888
3916
3955
3965
4026
4032
4061
4062
4086
4098
4101
4106
4118
4121
4166
4173
4183
4188
4221
4310
4332
4335
4339
4386
4396
4427
4440
4441
4443
4577
4610
4612
4628
4635
4651
4717
4743
4746
4748
4752
4762
4764
4775
4785
4788
4892
4896
4926
4930
4932
4943
4946
4966
4972
4977
4992
5001
5004
5014
5040
5077
5082
5100
5107
5151
5200
5212
5221
5223
5231
5237
5280
5284
5289
5312
5321
5329
5345
5384
5426
5428
5454
5472
5487
5563
5568
5586
5598
5614
5646
5671
5685
5688
5699
5723
5732
5733
5739
5758
5840
5842
5846
5862
5885
6003
6004
6017
6088
6143
6169
6180
6190
6192
6196
6199
6224
6255
6260
6327
6362
6373
6388
6411
6430
6471
6478
6531
6542
6556
6667
6709
6738
6745
6748
6752
6757
6768
6781
6792
6804
6806
6835
6940
6966
6967
7184
7187
7215
7235
7313
7323
7428
7430
7453
7458
7470
7480
7529
7543
7551
7564
7591
7601
7618
7626
7641
7645
7660
7683
7687
7693
7700
7708
7732
7772
7802
7822
7838
7855
7867
7888
7955
7962
7966
7998
8011
8051
8057
8078
8085
8086
8094
8119
8128
8133
8161
8172
8183
8187
8209
8213
8222
8247
8293
8347
8366
8377
8419
8429
8475
8496
8504
8547
8548
8609
8621
8635
8643
8658
8676
8709
8713
8743
8748
8751
8752
8753
8763
8773
8811
8842
8864
8867
8908
8949
8973
8975
8986
9029
9044
9064
9122
9130
9141
9171
9195
9199
9217
9253
9261
9280
9301
9317
9338
9362
9393
9401
9407
9418
9462
9464
9471
9472
9513
9542
9552
9583
9593
9620
9623
9625
9632
9663
9676
9679
9685
9725
9740
9744
9750
9796
9806
9838
9871
9901
9911
9958
9971
10025
10029
10032
10042
10066
10090
10091
10100
10113
10140
10183
10198
10239
10247
10295
10306
10315
10342
10349
10363
10371
10383
10391
10394
10396
10409
10410
10416
10420
10426
10432
10434
10452
10475
10476
10499
10502
10511
10516
10525
10536
10556
10564
10584
10638
10698
10712
10731
10734
10745
10773
10793
10794
10817
10834
10838
10892
10970
11005
11011
11013
11020
11035
11036
11127
11157
11163
11190
11191
11201
11205
11209
11355
11358
11387
11416
11419
11437
11441
11449
11458
11463
11477
11479
11498
11523
11534
11560
11561
11566
11582
11642
11644
11645
11659
11733
11740
11745
11756
11758
11760
11787
11896
11907
11952
11953
11967
11968
11972
11973
11989
11990
12063
12066
12068
12069
12077
12105
12106
12110
12117
12137
12153
12178
12271
12280
12283
12289
12332
12336
12395
12477
12500
12512
12526
12545
12548
12550
12553
12592
12598
12615
12676
12728
12729
12737
12738
12762
12767
12798
12804
12869
12886
12896
12911
12916
12970
12997
13011
13023
13042
13066
13069
13092
13116
13135
13138
13140
13161
13169
13176
13178
13189
13210
13221
13238
13253
13256
13277
13283
13290
13304
13316
13351
13357
13376
13381
13384
13388
13408
13431
13466
13479
13486
13513
13522
13566
13570
13603
13621
13629
13659
13668
13723
13724
13808
13813
13814
13819
13864
13870
13878
13887
13906
13951
13962
14016
14025
14028
14035
14036
14043
14057
14093
14099
14118
14139
14149
14151
14188
14221
14227
14235
14248
14264
14307
14314
14319
14359
14375
14405
14445
14446
14459
14471
14473
14527
14533
14536
14564
14601
14654
14658
14717
14721
14742
14748
14757
14769
14775
14777
14799
14832
14843
14854
14857
14891
14899
14902
14912
14928
14960
15074
15143
15173
15185
15211
15237
15241
15244
15329
15336
15374
15377
15385
15394
15402
15404
15445
15456
15465
15469
15500
15501
15508
15553
15556
15586
15592
15602
15610
15641
15651
15689
15691
15724
15729
15766
15800
15825
15832
15946
15949
15952
15976
16002
16020
16083
16101
16109
16123
16129
16154
16167
16219
16232
16236
16242
16247
16259
16284
16286
16310
16347
16351
16355
16360
16433
16437
16446
16452
16471
16493
16499
16510
16516
16525
16529
16544
16546
16569
16571
16578
16582
16595
16597
16602
16607
16616
16633
16699
16709
16714
16733
16752
16753
16766
16781
16798
16846
16854
16862
16902
16910
16918
16925
16940
16944
16946
16955
16960
16972
16978
16981
17033
17058
17067
17085
17126
17129
17134
17142
17161
17169
17190
17225
17228
17240
17307
17327
17344
17347
17355
17360
17366
17392
17394
17404
17415
17428
17463
17529
17578
17592
17604
17615
17639
17655
17692
17718
17720
17743
17748
17752
17761
17824
17833
17834
17873
17889
17937
17941
17959
17978
17980
18019
18026
18051
18060
18086
18108
18112
18113
18188
18194
18219
18231
18247
18291
18313
18323
18324
18340
18347
18348
18368
18372
18443
18450
18503
18525
18573
18577
18599
18618
18634
18655
18667
18741
18742
18756
18777
18821
18838
18865
18866
18961
18986
19039
19059
19074
19086
19088
19122
19131
19162
19218
19248
19328
19331
19364
19388
19425
19449
19456
19457
19506
19525
19540
19551
19555
19560
19572
19598
19636
19669
19717
19734
19740
19746
19747
19773
19809
19819
19890
19892
19900
19904
19914
19925
19938
19950
19965
19978
19981
19983
TIME ELAPSED IN NANOSECONDS: 1696478

