===========QuickSort Using First Item Pivot and Smallest Partition Size=============
22
29
37
43
45
48
53
61
66
68
71
75
76
85
91
104
111
120
125
127
128
136
141
159
162
166
169
187
191
204
208
210
224
231
242
253
260
275
293
309
311
312
321
323
341
371
375
408
422
424
425
426
428
431
440
450
466
482
494
495
499
500
535
547
551
572
611
614
627
642
644
660
698
741
746
747
755
772
780
790
794
801
816
818
826
851
854
858
884
889
894
896
908
920
940
952
957
962
968
972
974
983
999
1007
1024
1033
1039
1048
1119
1166
1225
1245
1249
1253
1256
1275
1289
1315
1318
1324
1333
1351
1355
1360
1361
1384
1389
1400
1431
1433
1437
1440
1475
1482
1492
1502
1507
1554
1560
1563
1582
1618
1626
1629
1645
1657
1680
1681
1703
1762
1764
1782
1784
1785
1789
1793
1798
1802
1803
1804
1805
1814
1817
1844
1847
1851
1866
1868
1883
1890
1900
1905
1915
1920
1922
1946
1950
1951
1953
1956
1958
1977
2000
2014
2019
2020
2031
2035
2040
2045
2060
2090
2095
2105
2123
2125
2127
2162
2163
2166
2167
2182
2183
2189
2193
2197
2198
2207
2210
2220
2236
2243
2248
2259
2279
2280
2293
2303
2308
2313
2333
2343
2351
2390
2397
2401
2414
2424
2438
2448
2460
2462
2463
2464
2494
2508
2514
2516
2523
2538
2551
2559
2561
2563
2587
2589
2595
2596
2609
2640
2657
2675
2679
2691
2696
2705
2713
2726
2740
2743
2744
2753
2789
2791
2832
2845
2849
2857
2864
2870
2895
2900
2908
2910
2923
2928
2946
2950
2975
2981
2998
3000
3012
3015
3019
3020
3023
3050
3070
3090
3109
3111
3121
3131
3169
3178
3182
3186
3187
3215
3253
3274
3280
3283
3285
3289
3292
3294
3298
3300
3309
3312
3341
3342
3354
3361
3363
3371
3381
3383
3423
3424
3427
3463
3466
3467
3484
3501
3512
3515
3537
3555
3557
3559
3567
3574
3588
3592
3597
3612
3613
3625
3646
3653
3661
3669
3678
3688
3703
3718
3719
3749
3761
3762
3766
3779
3782
3786
3803
3839
3840
3849
3851
3855
3865
3881
3884
3898
3904
3911
3914
3920
3950
3954
3955
3957
3965
3968
3979
4000
4004
4008
4022
4048
4049
4055
4113
4142
4160
4163
4170
4190
4193
4194
4210
4233
4234
4247
4257
4275
4298
4304
4308
4313
4325
4339
4351
4360
4366
4372
4385
4394
4398
4416
4418
4420
4424
4426
4430
4466
4467
4475
4478
4480
4485
4488
4497
4511
4524
4533
4534
4537
4544
4547
4559
4561
4566
4572
4577
4578
4582
4592
4600
4613
4614
4620
4626
4627
4628
4643
4656
4661
4699
4704
4719
4729
4740
4747
4748
4759
4763
4770
4774
4778
4785
4802
4825
4830
4841
4844
4853
4859
4860
4863
4878
4893
4902
4905
4911
4921
4924
4933
4957
4961
4975
4978
4980
4993
4999
5045
5083
5089
5092
5096
5103
5158
5161
5179
5194
5199
5202
5212
5238
5241
5258
5268
5271
5289
5293
5295
5301
5309
5314
5317
5327
5329
5344
5350
5351
5376
5395
5399
5436
5444
5447
5452
5466
5469
5489
5504
5507
5532
5542
5544
5561
5581
5589
5592
5596
5612
5615
5617
5643
5649
5672
5673
5704
5712
5717
5731
5741
5743
5744
5760
5779
5785
5797
5802
5804
5812
5832
5834
5846
5858
5883
5894
5909
5927
5928
5941
5944
5956
5957
5972
5973
5974
5992
6017
6019
6030
6046
6062
6066
6073
6074
6079
6101
6103
6127
6130
6137
6142
6172
6182
6194
6206
6210
6218
6224
6229
6236
6245
6248
6254
6256
6262
6271
6282
6285
6313
6314
6319
6327
6331
6351
6358
6361
6370
6375
6388
6391
6398
6425
6431
6439
6449
6454
6455
6457
6458
6467
6469
6470
6478
6481
6507
6530
6542
6556
6561
6566
6568
6599
6612
6614
6621
6622
6637
6638
6666
6667
6668
6669
6678
6688
6701
6702
6733
6748
6772
6775
6778
6779
6781
6784
6790
6799
6810
6811
6819
6823
6824
6838
6846
6847
6860
6875
6896
6900
6901
6925
6927
6945
6946
6955
6966
6977
6986
7012
7027
7041
7043
7053
7060
7068
7080
7104
7108
7114
7129
7139
7150
7167
7186
7211
7215
7225
7246
7261
7264
7292
7297
7307
7319
7320
7349
7363
7390
7397
7419
7420
7422
7440
7445
7457
7477
7484
7493
7494
7510
7538
7542
7546
7554
7559
7573
7606
7614
7617
7619
7620
7621
7631
7655
7663
7664
7679
7683
7696
7708
7709
7745
7746
7762
7767
7789
7790
7809
7823
7831
7837
7842
7844
7845
7863
7875
7881
7903
7908
7916
7938
7944
7961
7964
7979
7980
7998
8006
8007
8010
8026
8032
8034
8046
8059
8083
8097
8100
8109
8111
8119
8120
8126
8148
8157
8166
8172
8187
8190
8197
8199
8214
8234
8240
8254
8270
8285
8294
8295
8300
8308
8334
8339
8342
8345
8347
8358
8359
8369
8386
8397
8399
8400
8402
8416
8419
8421
8450
8453
8493
8499
8504
8511
8512
8537
8549
8550
8563
8574
8584
8588
8591
8627
8633
8672
8693
8697
8704
8710
8725
8737
8739
8742
8750
8767
8770
8775
8784
8795
8798
8803
8815
8826
8845
8847
8851
8864
8865
8904
8927
8935
8940
8941
8957
8963
9004
9015
9031
9035
9037
9045
9059
9063
9108
9114
9118
9133
9144
9162
9175
9200
9203
9207
9210
9224
9228
9229
9254
9277
9278
9281
9282
9287
9307
9311
9326
9329
9331
9341
9362
9364
9384
9394
9399
9404
9414
9418
9432
9448
9449
9458
9469
9471
9474
9477
9481
9487
9490
9497
9501
9507
9512
9514
9516
9541
9547
9554
9565
9578
9584
9592
9625
9634
9641
9653
9656
9660
9672
9677
9689
9696
9697
9718
9731
9735
9736
9744
9747
9766
9776
9777
9794
9854
9855
9861
9878
9879
9914
9919
9923
9927
9932
9944
9947
9950
9955
9959
9969
9992
10021
10022
10029
10046
10052
10061
10071
10074
10087
10095
10109
10136
10137
10147
10148
10151
10187
10191
10195
10197
10203
10207
10222
10239
10246
10266
10270
10277
10298
10304
10307
10313
10331
10335
10337
10347
10415
10426
10435
10460
10464
10466
10485
10493
10496
10518
10521
10522
10542
10543
10547
10574
10575
10583
10587
10590
10592
10599
10600
10617
10635
10652
10660
10689
10697
10710
10714
10726
10728
10740
10748
10754
10760
10781
10795
10796
10813
10816
10832
10842
10877
10883
10896
10899
10905
10913
10920
10926
10947
10960
10973
10981
10983
11004
11019
11021
11033
11036
11038
11054
11085
11097
11104
11111
11112
11117
11124
11136
11162
11163
11178
11181
11190
11218
11246
11256
11257
11262
11266
11284
11288
11293
11314
11320
11331
11332
11336
11368
11376
11384
11388
11389
11394
11404
11415
11421
11447
11457
11462
11469
11524
11534
11536
11544
11551
11558
11560
11572
11582
11588
11603
11617
11624
11634
11647
11651
11657
11672
11679
11681
11686
11701
11706
11711
11747
11749
11757
11778
11780
11792
11796
11799
11827
11835
11837
11843
11854
11890
11904
11915
11917
11920
11931
11932
11938
11940
11945
11956
11964
11978
11984
11993
12009
12014
12015
12027
12029
12036
12050
12052
12071
12096
12102
12103
12120
12129
12143
12185
12192
12206
12208
12209
12215
12225
12250
12255
12259
12264
12265
12294
12296
12299
12308
12332
12337
12347
12353
12368
12373
12374
12387
12395
12396
12401
12425
12431
12432
12464
12467
12488
12499
12508
12513
12518
12523
12542
12555
12561
12583
12594
12601
12618
12622
12625
12631
12669
12672
12678
12679
12682
12683
12688
12694
12698
12703
12707
12718
12719
12736
12748
12753
12754
12756
12757
12759
12760
12761
12777
12813
12835
12838
12854
12862
12866
12872
12880
12892
12906
12912
12928
12952
12962
12963
12974
12987
13046
13048
13050
13053
13057
13058
13067
13077
13089
13098
13122
13126
13147
13151
13157
13160
13165
13171
13172
13173
13179
13182
13183
13206
13210
13224
13231
13248
13258
13269
13273
13294
13297
13315
13328
13329
13336
13340
13352
13357
13360
13367
13368
13371
13374
13389
13391
13406
13408
13413
13440
13444
13455
13456
13482
13483
13484
13495
13503
13516
13531
13557
13559
13592
13599
13610
13619
13632
13642
13651
13662
13671
13682
13685
13689
13693
13709
13720
13723
13724
13727
13729
13740
13742
13748
13757
13764
13799
13802
13807
13812
13818
13827
13832
13838
13843
13845
13861
13865
13866
13867
13868
13891
13898
13908
13910
13919
13921
13932
13937
13939
13949
13962
13974
13987
13998
14017
14027
14033
14052
14065
14077
14079
14080
14088
14107
14108
14110
14154
14165
14178
14200
14210
14224
14227
14253
14262
14271
14287
14294
14303
14307
14309
14316
14323
14325
14327
14336
14343
14348
14349
14351
14352
14355
14380
14381
14384
14392
14404
14414
14416
14430
14444
14446
14450
14456
14459
14462
14469
14472
14473
14474
14493
14499
14502
14503
14533
14544
14548
14551
14569
14575
14601
14605
14614
14625
14647
14658
14678
14682
14702
14722
14741
14766
14770
14785
14786
14808
14810
14831
14851
14854
14860
14864
14869
14874
14887
14888
14919
14936
14947
14955
14981
14985
15003
15006
15009
15028
15032
15037
15040
15056
15062
15077
15084
15085
15089
15101
15110
15116
15128
15132
15141
15142
15146
15149
15165
15171
15176
15179
15213
15216
15228
15232
15242
15246
15258
15268
15294
15306
15318
15319
15322
15334
15340
15350
15351
15357
15359
15360
15373
15384
15392
15399
15406
15458
15473
15474
15483
15513
15531
15532
15559
15564
15583
15603
15627
15643
15647
15658
15669
15670
15691
15702
15718
15732
15734
15738
15742
15761
15763
15764
15765
15776
15777
15781
15793
15821
15845
15852
15869
15884
15888
15893
15901
15906
15908
15915
15916
15927
15930
15939
15950
15956
15967
15971
15977
15980
15992
16005
16026
16036
16040
16047
16053
16058
16085
16086
16093
16110
16131
16132
16176
16181
16183
16187
16190
16204
16208
16210
16230
16242
16246
16254
16257
16259
16260
16281
16288
16295
16312
16336
16342
16360
16361
16372
16399
16407
16442
16444
16457
16478
16494
16523
16528
16530
16531
16533
16537
16555
16557
16591
16594
16603
16604
16606
16607
16608
16610
16611
16622
16626
16630
16644
16649
16653
16656
16661
16668
16671
16677
16679
16682
16686
16691
16698
16703
16713
16716
16718
16720
16737
16744
16774
16777
16795
16797
16843
16846
16859
16874
16880
16881
16897
16898
16917
16924
16936
16940
16951
16954
16983
17040
17052
17062
17095
17120
17129
17134
17146
17150
17154
17167
17173
17204
17213
17220
17236
17237
17246
17261
17264
17281
17286
17287
17292
17312
17313
17315
17322
17334
17336
17339
17341
17342
17365
17390
17417
17418
17421
17434
17436
17459
17461
17462
17476
17492
17503
17504
17525
17537
17538
17542
17569
17581
17589
17593
17594
17607
17610
17612
17624
17627
17628
17629
17647
17671
17682
17697
17708
17732
17761
17762
17769
17772
17838
17846
17859
17862
17866
17868
17876
17884
17907
17914
17923
17934
17940
17980
17982
17984
17988
18005
18006
18019
18029
18066
18076
18081
18093
18098
18101
18123
18136
18142
18157
18159
18165
18168
18170
18178
18183
18186
18189
18202
18210
18221
18224
18234
18235
18238
18245
18252
18255
18259
18260
18276
18279
18308
18309
18314
18319
18329
18334
18343
18354
18363
18364
18366
18390
18392
18393
18399
18415
18421
18432
18438
18442
18445
18447
18448
18458
18475
18507
18519
18535
18551
18556
18560
18567
18582
18583
18602
18603
18613
18615
18617
18623
18633
18668
18670
18697
18713
18714
18719
18736
18741
18743
18760
18763
18767
18775
18785
18817
18821
18825
18828
18836
18863
18870
18877
18889
18891
18908
18915
18925
18933
18944
18971
18973
18980
18996
19001
19016
19022
19031
19063
19066
19069
19080
19094
19105
19111
19136
19141
19143
19145
19152
19155
19156
19171
19172
19177
19205
19210
19224
19242
19244
19252
19254
19260
19268
19271
19277
19279
19282
19287
19291
19301
19308
19319
19321
19326
19328
19334
19336
19343
19364
19365
19367
19392
19402
19403
19440
19492
19498
19506
19510
19517
19519
19526
19529
19551
19563
19566
19577
19599
19625
19645
19648
19678
19689
19690
19698
19700
19717
19736
19745
19754
19767
19786
19809
19820
19836
19848
19854
19864
19865
19867
19875
19885
19887
19890
19909
19912
19918
19936
19938
19942
19959
19961
19974
19988
19992
19995
19999
TIME ELAPSED IN NANOSECONDS: 1401497

===========QuickSort Using First Item and 50 Partition Size=============
22
29
37
43
45
48
53
61
66
68
71
75
76
85
91
104
111
120
125
127
128
136
141
159
162
166
169
187
191
204
208
210
224
231
242
253
260
275
293
309
311
312
321
323
341
371
375
408
422
424
425
426
428
431
440
450
466
482
494
495
499
500
535
547
551
572
611
614
627
642
644
660
698
741
746
747
755
772
780
790
794
801
816
818
826
851
854
858
884
889
894
896
908
920
940
952
957
962
968
972
974
983
999
1007
1024
1033
1039
1048
1119
1166
1225
1245
1249
1253
1256
1275
1289
1315
1318
1324
1333
1351
1355
1360
1361
1384
1389
1400
1431
1433
1437
1440
1475
1482
1492
1502
1507
1554
1560
1563
1582
1618
1626
1629
1645
1657
1680
1681
1703
1762
1764
1782
1784
1785
1789
1793
1798
1802
1803
1804
1805
1814
1817
1844
1847
1851
1866
1868
1883
1890
1900
1905
1915
1920
1922
1946
1950
1951
1953
1956
1958
1977
2000
2014
2019
2020
2031
2035
2040
2045
2060
2090
2095
2105
2123
2125
2127
2162
2163
2166
2167
2182
2183
2189
2193
2197
2198
2207
2210
2220
2236
2243
2248
2259
2279
2280
2293
2303
2308
2313
2333
2343
2351
2390
2397
2401
2414
2424
2438
2448
2460
2462
2463
2464
2494
2508
2514
2516
2523
2538
2551
2559
2561
2563
2587
2589
2595
2596
2609
2640
2657
2675
2679
2691
2696
2705
2713
2726
2740
2743
2744
2753
2789
2791
2832
2845
2849
2857
2864
2870
2895
2900
2908
2910
2923
2928
2946
2950
2975
2981
2998
3000
3012
3015
3019
3020
3023
3050
3070
3090
3109
3111
3121
3131
3169
3178
3182
3186
3187
3215
3253
3274
3280
3283
3285
3289
3292
3294
3298
3300
3309
3312
3341
3342
3354
3361
3363
3371
3381
3383
3423
3424
3427
3463
3466
3467
3484
3501
3512
3515
3537
3555
3557
3559
3567
3574
3588
3592
3597
3612
3613
3625
3646
3653
3661
3669
3678
3688
3703
3718
3719
3749
3761
3762
3766
3779
3782
3786
3803
3839
3840
3849
3851
3855
3865
3881
3884
3898
3904
3911
3914
3920
3950
3954
3955
3957
3965
3968
3979
4000
4004
4008
4022
4048
4049
4055
4113
4142
4160
4163
4170
4190
4193
4194
4210
4233
4234
4247
4257
4275
4298
4304
4308
4313
4325
4339
4351
4360
4366
4372
4385
4394
4398
4416
4418
4420
4424
4426
4430
4466
4467
4475
4478
4480
4485
4488
4497
4511
4524
4533
4534
4537
4544
4547
4559
4561
4566
4572
4577
4578
4582
4592
4600
4613
4614
4620
4626
4627
4628
4643
4656
4661
4699
4704
4719
4729
4740
4747
4748
4759
4763
4770
4774
4778
4785
4802
4825
4830
4841
4844
4853
4859
4860
4863
4878
4893
4902
4905
4911
4921
4924
4933
4957
4961
4975
4978
4980
4993
4999
5045
5083
5089
5092
5096
5103
5158
5161
5179
5194
5199
5202
5212
5238
5241
5258
5268
5271
5289
5293
5295
5301
5309
5314
5317
5327
5329
5344
5350
5351
5376
5395
5399
5436
5444
5447
5452
5466
5469
5489
5504
5507
5532
5542
5544
5561
5581
5589
5592
5596
5612
5615
5617
5643
5649
5672
5673
5704
5712
5717
5731
5741
5743
5744
5760
5779
5785
5797
5802
5804
5812
5832
5834
5846
5858
5883
5894
5909
5927
5928
5941
5944
5956
5957
5972
5973
5974
5992
6017
6019
6030
6046
6062
6066
6073
6074
6079
6101
6103
6127
6130
6137
6142
6172
6182
6194
6206
6210
6218
6224
6229
6236
6245
6248
6254
6256
6262
6271
6282
6285
6313
6314
6319
6327
6331
6351
6358
6361
6370
6375
6388
6391
6398
6425
6431
6439
6449
6454
6455
6457
6458
6467
6469
6470
6478
6481
6507
6530
6542
6556
6561
6566
6568
6599
6612
6614
6621
6622
6637
6638
6666
6667
6668
6669
6678
6688
6701
6702
6733
6748
6772
6775
6778
6779
6781
6784
6790
6799
6810
6811
6819
6823
6824
6838
6846
6847
6860
6875
6896
6900
6901
6925
6927
6945
6946
6955
6966
6977
6986
7012
7027
7041
7043
7053
7060
7068
7080
7104
7108
7114
7129
7139
7150
7167
7186
7211
7215
7225
7246
7261
7264
7292
7297
7307
7319
7320
7349
7363
7390
7397
7419
7420
7422
7440
7445
7457
7477
7484
7493
7494
7510
7538
7542
7546
7554
7559
7573
7606
7614
7617
7619
7620
7621
7631
7655
7663
7664
7679
7683
7696
7708
7709
7745
7746
7762
7767
7789
7790
7809
7823
7831
7837
7842
7844
7845
7863
7875
7881
7903
7908
7916
7938
7944
7961
7964
7979
7980
7998
8006
8007
8010
8026
8032
8034
8046
8059
8083
8097
8100
8109
8111
8119
8120
8126
8148
8157
8166
8172
8187
8190
8197
8199
8214
8234
8240
8254
8270
8285
8294
8295
8300
8308
8334
8339
8342
8345
8347
8358
8359
8369
8386
8397
8399
8400
8402
8416
8419
8421
8450
8453
8493
8499
8504
8511
8512
8537
8549
8550
8563
8574
8584
8588
8591
8627
8633
8672
8693
8697
8704
8710
8725
8737
8739
8742
8750
8767
8770
8775
8784
8795
8798
8803
8815
8826
8845
8847
8851
8864
8865
8904
8927
8935
8940
8941
8957
8963
9004
9015
9031
9035
9037
9045
9059
9063
9108
9114
9118
9133
9144
9162
9175
9200
9203
9207
9210
9224
9228
9229
9254
9277
9278
9281
9282
9287
9307
9311
9326
9329
9331
9341
9362
9364
9384
9394
9399
9404
9414
9418
9432
9448
9449
9458
9469
9471
9474
9477
9481
9487
9490
9497
9501
9507
9512
9514
9516
9541
9547
9554
9565
9578
9584
9592
9625
9634
9641
9653
9656
9660
9672
9677
9689
9696
9697
9718
9731
9735
9736
9744
9747
9766
9776
9777
9794
9854
9855
9861
9878
9879
9914
9919
9923
9927
9932
9944
9947
9950
9955
9959
9969
9992
10021
10022
10029
10046
10052
10061
10071
10074
10087
10095
10109
10136
10137
10147
10148
10151
10187
10191
10195
10197
10203
10207
10222
10239
10246
10266
10270
10277
10298
10304
10307
10313
10331
10335
10337
10347
10415
10426
10435
10460
10464
10466
10485
10493
10496
10518
10521
10522
10542
10543
10547
10574
10575
10583
10587
10590
10592
10599
10600
10617
10635
10652
10660
10689
10697
10710
10714
10726
10728
10740
10748
10754
10760
10781
10795
10796
10813
10816
10832
10842
10877
10883
10896
10899
10905
10913
10920
10926
10947
10960
10973
10981
10983
11004
11019
11021
11033
11036
11038
11054
11085
11097
11104
11111
11112
11117
11124
11136
11162
11163
11178
11181
11190
11218
11246
11256
11257
11262
11266
11284
11288
11293
11314
11320
11331
11332
11336
11368
11376
11384
11388
11389
11394
11404
11415
11421
11447
11457
11462
11469
11524
11534
11536
11544
11551
11558
11560
11572
11582
11588
11603
11617
11624
11634
11647
11651
11657
11672
11679
11681
11686
11701
11706
11711
11747
11749
11757
11778
11780
11792
11796
11799
11827
11835
11837
11843
11854
11890
11904
11915
11917
11920
11931
11932
11938
11940
11945
11956
11964
11978
11984
11993
12009
12014
12015
12027
12029
12036
12050
12052
12071
12096
12102
12103
12120
12129
12143
12185
12192
12206
12208
12209
12215
12225
12250
12255
12259
12264
12265
12294
12296
12299
12308
12332
12337
12347
12353
12368
12373
12374
12387
12395
12396
12401
12425
12431
12432
12464
12467
12488
12499
12508
12513
12518
12523
12542
12555
12561
12583
12594
12601
12618
12622
12625
12631
12669
12672
12678
12679
12682
12683
12688
12694
12698
12703
12707
12718
12719
12736
12748
12753
12754
12756
12757
12759
12760
12761
12777
12813
12835
12838
12854
12862
12866
12872
12880
12892
12906
12912
12928
12952
12962
12963
12974
12987
13046
13048
13050
13053
13057
13058
13067
13077
13089
13098
13122
13126
13147
13151
13157
13160
13165
13171
13172
13173
13179
13182
13183
13206
13210
13224
13231
13248
13258
13269
13273
13294
13297
13315
13328
13329
13336
13340
13352
13357
13360
13367
13368
13371
13374
13389
13391
13406
13408
13413
13440
13444
13455
13456
13482
13483
13484
13495
13503
13516
13531
13557
13559
13592
13599
13610
13619
13632
13642
13651
13662
13671
13682
13685
13689
13693
13709
13720
13723
13724
13727
13729
13740
13742
13748
13757
13764
13799
13802
13807
13812
13818
13827
13832
13838
13843
13845
13861
13865
13866
13867
13868
13891
13898
13908
13910
13919
13921
13932
13937
13939
13949
13962
13974
13987
13998
14017
14027
14033
14052
14065
14077
14079
14080
14088
14107
14108
14110
14154
14165
14178
14200
14210
14224
14227
14253
14262
14271
14287
14294
14303
14307
14309
14316
14323
14325
14327
14336
14343
14348
14349
14351
14352
14355
14380
14381
14384
14392
14404
14414
14416
14430
14444
14446
14450
14456
14459
14462
14469
14472
14473
14474
14493
14499
14502
14503
14533
14544
14548
14551
14569
14575
14601
14605
14614
14625
14647
14658
14678
14682
14702
14722
14741
14766
14770
14785
14786
14808
14810
14831
14851
14854
14860
14864
14869
14874
14887
14888
14919
14936
14947
14955
14981
14985
15003
15006
15009
15028
15032
15037
15040
15056
15062
15077
15084
15085
15089
15101
15110
15116
15128
15132
15141
15142
15146
15149
15165
15171
15176
15179
15213
15216
15228
15232
15242
15246
15258
15268
15294
15306
15318
15319
15322
15334
15340
15350
15351
15357
15359
15360
15373
15384
15392
15399
15406
15458
15473
15474
15483
15513
15531
15532
15559
15564
15583
15603
15627
15643
15647
15658
15669
15670
15691
15702
15718
15732
15734
15738
15742
15761
15763
15764
15765
15776
15777
15781
15793
15821
15845
15852
15869
15884
15888
15893
15901
15906
15908
15915
15916
15927
15930
15939
15950
15956
15967
15971
15977
15980
15992
16005
16026
16036
16040
16047
16053
16058
16085
16086
16093
16110
16131
16132
16176
16181
16183
16187
16190
16204
16208
16210
16230
16242
16246
16254
16257
16259
16260
16281
16288
16295
16312
16336
16342
16360
16361
16372
16399
16407
16442
16444
16457
16478
16494
16523
16528
16530
16531
16533
16537
16555
16557
16591
16594
16603
16604
16606
16607
16608
16610
16611
16622
16626
16630
16644
16649
16653
16656
16661
16668
16671
16677
16679
16682
16686
16691
16698
16703
16713
16716
16718
16720
16737
16744
16774
16777
16795
16797
16843
16846
16859
16874
16880
16881
16897
16898
16917
16924
16936
16940
16951
16954
16983
17040
17052
17062
17095
17120
17129
17134
17146
17150
17154
17167
17173
17204
17213
17220
17236
17237
17246
17261
17264
17281
17286
17287
17292
17312
17313
17315
17322
17334
17336
17339
17341
17342
17365
17390
17417
17418
17421
17434
17436
17459
17461
17462
17476
17492
17503
17504
17525
17537
17538
17542
17569
17581
17589
17593
17594
17607
17610
17612
17624
17627
17628
17629
17647
17671
17682
17697
17708
17732
17761
17762
17769
17772
17838
17846
17859
17862
17866
17868
17876
17884
17907
17914
17923
17934
17940
17980
17982
17984
17988
18005
18006
18019
18029
18066
18076
18081
18093
18098
18101
18123
18136
18142
18157
18159
18165
18168
18170
18178
18183
18186
18189
18202
18210
18221
18224
18234
18235
18238
18245
18252
18255
18259
18260
18276
18279
18308
18309
18314
18319
18329
18334
18343
18354
18363
18364
18366
18390
18392
18393
18399
18415
18421
18432
18438
18442
18445
18447
18448
18458
18475
18507
18519
18535
18551
18556
18560
18567
18582
18583
18602
18603
18613
18615
18617
18623
18633
18668
18670
18697
18713
18714
18719
18736
18741
18743
18760
18763
18767
18775
18785
18817
18821
18825
18828
18836
18863
18870
18877
18889
18891
18908
18915
18925
18933
18944
18971
18973
18980
18996
19001
19016
19022
19031
19063
19066
19069
19080
19094
19105
19111
19136
19141
19143
19145
19152
19155
19156
19171
19172
19177
19205
19210
19224
19242
19244
19252
19254
19260
19268
19271
19277
19279
19282
19287
19291
19301
19308
19319
19321
19326
19328
19334
19336
19343
19364
19365
19367
19392
19402
19403
19440
19492
19498
19506
19510
19517
19519
19526
19529
19551
19563
19566
19577
19599
19625
19645
19648
19678
19689
19690
19698
19700
19717
19736
19745
19754
19767
19786
19809
19820
19836
19848
19854
19864
19865
19867
19875
19885
19887
19890
19909
19912
19918
19936
19938
19942
19959
19961
19974
19988
19992
19995
19999
TIME ELAPSED IN NANOSECONDS: 1166425

===========QuickSort Using First Item and 100 Partition Size=============
22
29
37
43
45
48
53
61
66
68
71
75
76
85
91
104
111
120
125
127
128
136
141
159
162
166
169
187
191
204
208
210
224
231
242
253
260
275
293
309
311
312
321
323
341
371
375
408
422
424
425
426
428
431
440
450
466
482
494
495
499
500
535
547
551
572
611
614
627
642
644
660
698
741
746
747
755
772
780
790
794
801
816
818
826
851
854
858
884
889
894
896
908
920
940
952
957
962
968
972
974
983
999
1007
1024
1033
1039
1048
1119
1166
1225
1245
1249
1253
1256
1275
1289
1315
1318
1324
1333
1351
1355
1360
1361
1384
1389
1400
1431
1433
1437
1440
1475
1482
1492
1502
1507
1554
1560
1563
1582
1618
1626
1629
1645
1657
1680
1681
1703
1762
1764
1782
1784
1785
1789
1793
1798
1802
1803
1804
1805
1814
1817
1844
1847
1851
1866
1868
1883
1890
1900
1905
1915
1920
1922
1946
1950
1951
1953
1956
1958
1977
2000
2014
2019
2020
2031
2035
2040
2045
2060
2090
2095
2105
2123
2125
2127
2162
2163
2166
2167
2182
2183
2189
2193
2197
2198
2207
2210
2220
2236
2243
2248
2259
2279
2280
2293
2303
2308
2313
2333
2343
2351
2390
2397
2401
2414
2424
2438
2448
2460
2462
2463
2464
2494
2508
2514
2516
2523
2538
2551
2559
2561
2563
2587
2589
2595
2596
2609
2640
2657
2675
2679
2691
2696
2705
2713
2726
2740
2743
2744
2753
2789
2791
2832
2845
2849
2857
2864
2870
2895
2900
2908
2910
2923
2928
2946
2950
2975
2981
2998
3000
3012
3015
3019
3020
3023
3050
3070
3090
3109
3111
3121
3131
3169
3178
3182
3186
3187
3215
3253
3274
3280
3283
3285
3289
3292
3294
3298
3300
3309
3312
3341
3342
3354
3361
3363
3371
3381
3383
3423
3424
3427
3463
3466
3467
3484
3501
3512
3515
3537
3555
3557
3559
3567
3574
3588
3592
3597
3612
3613
3625
3646
3653
3661
3669
3678
3688
3703
3718
3719
3749
3761
3762
3766
3779
3782
3786
3803
3839
3840
3849
3851
3855
3865
3881
3884
3898
3904
3911
3914
3920
3950
3954
3955
3957
3965
3968
3979
4000
4004
4008
4022
4048
4049
4055
4113
4142
4160
4163
4170
4190
4193
4194
4210
4233
4234
4247
4257
4275
4298
4304
4308
4313
4325
4339
4351
4360
4366
4372
4385
4394
4398
4416
4418
4420
4424
4426
4430
4466
4467
4475
4478
4480
4485
4488
4497
4511
4524
4533
4534
4537
4544
4547
4559
4561
4566
4572
4577
4578
4582
4592
4600
4613
4614
4620
4626
4627
4628
4643
4656
4661
4699
4704
4719
4729
4740
4747
4748
4759
4763
4770
4774
4778
4785
4802
4825
4830
4841
4844
4853
4859
4860
4863
4878
4893
4902
4905
4911
4921
4924
4933
4957
4961
4975
4978
4980
4993
4999
5045
5083
5089
5092
5096
5103
5158
5161
5179
5194
5199
5202
5212
5238
5241
5258
5268
5271
5289
5293
5295
5301
5309
5314
5317
5327
5329
5344
5350
5351
5376
5395
5399
5436
5444
5447
5452
5466
5469
5489
5504
5507
5532
5542
5544
5561
5581
5589
5592
5596
5612
5615
5617
5643
5649
5672
5673
5704
5712
5717
5731
5741
5743
5744
5760
5779
5785
5797
5802
5804
5812
5832
5834
5846
5858
5883
5894
5909
5927
5928
5941
5944
5956
5957
5972
5973
5974
5992
6017
6019
6030
6046
6062
6066
6073
6074
6079
6101
6103
6127
6130
6137
6142
6172
6182
6194
6206
6210
6218
6224
6229
6236
6245
6248
6254
6256
6262
6271
6282
6285
6313
6314
6319
6327
6331
6351
6358
6361
6370
6375
6388
6391
6398
6425
6431
6439
6449
6454
6455
6457
6458
6467
6469
6470
6478
6481
6507
6530
6542
6556
6561
6566
6568
6599
6612
6614
6621
6622
6637
6638
6666
6667
6668
6669
6678
6688
6701
6702
6733
6748
6772
6775
6778
6779
6781
6784
6790
6799
6810
6811
6819
6823
6824
6838
6846
6847
6860
6875
6896
6900
6901
6925
6927
6945
6946
6955
6966
6977
6986
7012
7027
7041
7043
7053
7060
7068
7080
7104
7108
7114
7129
7139
7150
7167
7186
7211
7215
7225
7246
7261
7264
7292
7297
7307
7319
7320
7349
7363
7390
7397
7419
7420
7422
7440
7445
7457
7477
7484
7493
7494
7510
7538
7542
7546
7554
7559
7573
7606
7614
7617
7619
7620
7621
7631
7655
7663
7664
7679
7683
7696
7708
7709
7745
7746
7762
7767
7789
7790
7809
7823
7831
7837
7842
7844
7845
7863
7875
7881
7903
7908
7916
7938
7944
7961
7964
7979
7980
7998
8006
8007
8010
8026
8032
8034
8046
8059
8083
8097
8100
8109
8111
8119
8120
8126
8148
8157
8166
8172
8187
8190
8197
8199
8214
8234
8240
8254
8270
8285
8294
8295
8300
8308
8334
8339
8342
8345
8347
8358
8359
8369
8386
8397
8399
8400
8402
8416
8419
8421
8450
8453
8493
8499
8504
8511
8512
8537
8549
8550
8563
8574
8584
8588
8591
8627
8633
8672
8693
8697
8704
8710
8725
8737
8739
8742
8750
8767
8770
8775
8784
8795
8798
8803
8815
8826
8845
8847
8851
8864
8865
8904
8927
8935
8940
8941
8957
8963
9004
9015
9031
9035
9037
9045
9059
9063
9108
9114
9118
9133
9144
9162
9175
9200
9203
9207
9210
9224
9228
9229
9254
9277
9278
9281
9282
9287
9307
9311
9326
9329
9331
9341
9362
9364
9384
9394
9399
9404
9414
9418
9432
9448
9449
9458
9469
9471
9474
9477
9481
9487
9490
9497
9501
9507
9512
9514
9516
9541
9547
9554
9565
9578
9584
9592
9625
9634
9641
9653
9656
9660
9672
9677
9689
9696
9697
9718
9731
9735
9736
9744
9747
9766
9776
9777
9794
9854
9855
9861
9878
9879
9914
9919
9923
9927
9932
9944
9947
9950
9955
9959
9969
9992
10021
10022
10029
10046
10052
10061
10071
10074
10087
10095
10109
10136
10137
10147
10148
10151
10187
10191
10195
10197
10203
10207
10222
10239
10246
10266
10270
10277
10298
10304
10307
10313
10331
10335
10337
10347
10415
10426
10435
10460
10464
10466
10485
10493
10496
10518
10521
10522
10542
10543
10547
10574
10575
10583
10587
10590
10592
10599
10600
10617
10635
10652
10660
10689
10697
10710
10714
10726
10728
10740
10748
10754
10760
10781
10795
10796
10813
10816
10832
10842
10877
10883
10896
10899
10905
10913
10920
10926
10947
10960
10973
10981
10983
11004
11019
11021
11033
11036
11038
11054
11085
11097
11104
11111
11112
11117
11124
11136
11162
11163
11178
11181
11190
11218
11246
11256
11257
11262
11266
11284
11288
11293
11314
11320
11331
11332
11336
11368
11376
11384
11388
11389
11394
11404
11415
11421
11447
11457
11462
11469
11524
11534
11536
11544
11551
11558
11560
11572
11582
11588
11603
11617
11624
11634
11647
11651
11657
11672
11679
11681
11686
11701
11706
11711
11747
11749
11757
11778
11780
11792
11796
11799
11827
11835
11837
11843
11854
11890
11904
11915
11917
11920
11931
11932
11938
11940
11945
11956
11964
11978
11984
11993
12009
12014
12015
12027
12029
12036
12050
12052
12071
12096
12102
12103
12120
12129
12143
12185
12192
12206
12208
12209
12215
12225
12250
12255
12259
12264
12265
12294
12296
12299
12308
12332
12337
12347
12353
12368
12373
12374
12387
12395
12396
12401
12425
12431
12432
12464
12467
12488
12499
12508
12513
12518
12523
12542
12555
12561
12583
12594
12601
12618
12622
12625
12631
12669
12672
12678
12679
12682
12683
12688
12694
12698
12703
12707
12718
12719
12736
12748
12753
12754
12756
12757
12759
12760
12761
12777
12813
12835
12838
12854
12862
12866
12872
12880
12892
12906
12912
12928
12952
12962
12963
12974
12987
13046
13048
13050
13053
13057
13058
13067
13077
13089
13098
13122
13126
13147
13151
13157
13160
13165
13171
13172
13173
13179
13182
13183
13206
13210
13224
13231
13248
13258
13269
13273
13294
13297
13315
13328
13329
13336
13340
13352
13357
13360
13367
13368
13371
13374
13389
13391
13406
13408
13413
13440
13444
13455
13456
13482
13483
13484
13495
13503
13516
13531
13557
13559
13592
13599
13610
13619
13632
13642
13651
13662
13671
13682
13685
13689
13693
13709
13720
13723
13724
13727
13729
13740
13742
13748
13757
13764
13799
13802
13807
13812
13818
13827
13832
13838
13843
13845
13861
13865
13866
13867
13868
13891
13898
13908
13910
13919
13921
13932
13937
13939
13949
13962
13974
13987
13998
14017
14027
14033
14052
14065
14077
14079
14080
14088
14107
14108
14110
14154
14165
14178
14200
14210
14224
14227
14253
14262
14271
14287
14294
14303
14307
14309
14316
14323
14325
14327
14336
14343
14348
14349
14351
14352
14355
14380
14381
14384
14392
14404
14414
14416
14430
14444
14446
14450
14456
14459
14462
14469
14472
14473
14474
14493
14499
14502
14503
14533
14544
14548
14551
14569
14575
14601
14605
14614
14625
14647
14658
14678
14682
14702
14722
14741
14766
14770
14785
14786
14808
14810
14831
14851
14854
14860
14864
14869
14874
14887
14888
14919
14936
14947
14955
14981
14985
15003
15006
15009
15028
15032
15037
15040
15056
15062
15077
15084
15085
15089
15101
15110
15116
15128
15132
15141
15142
15146
15149
15165
15171
15176
15179
15213
15216
15228
15232
15242
15246
15258
15268
15294
15306
15318
15319
15322
15334
15340
15350
15351
15357
15359
15360
15373
15384
15392
15399
15406
15458
15473
15474
15483
15513
15531
15532
15559
15564
15583
15603
15627
15643
15647
15658
15669
15670
15691
15702
15718
15732
15734
15738
15742
15761
15763
15764
15765
15776
15777
15781
15793
15821
15845
15852
15869
15884
15888
15893
15901
15906
15908
15915
15916
15927
15930
15939
15950
15956
15967
15971
15977
15980
15992
16005
16026
16036
16040
16047
16053
16058
16085
16086
16093
16110
16131
16132
16176
16181
16183
16187
16190
16204
16208
16210
16230
16242
16246
16254
16257
16259
16260
16281
16288
16295
16312
16336
16342
16360
16361
16372
16399
16407
16442
16444
16457
16478
16494
16523
16528
16530
16531
16533
16537
16555
16557
16591
16594
16603
16604
16606
16607
16608
16610
16611
16622
16626
16630
16644
16649
16653
16656
16661
16668
16671
16677
16679
16682
16686
16691
16698
16703
16713
16716
16718
16720
16737
16744
16774
16777
16795
16797
16843
16846
16859
16874
16880
16881
16897
16898
16917
16924
16936
16940
16951
16954
16983
17040
17052
17062
17095
17120
17129
17134
17146
17150
17154
17167
17173
17204
17213
17220
17236
17237
17246
17261
17264
17281
17286
17287
17292
17312
17313
17315
17322
17334
17336
17339
17341
17342
17365
17390
17417
17418
17421
17434
17436
17459
17461
17462
17476
17492
17503
17504
17525
17537
17538
17542
17569
17581
17589
17593
17594
17607
17610
17612
17624
17627
17628
17629
17647
17671
17682
17697
17708
17732
17761
17762
17769
17772
17838
17846
17859
17862
17866
17868
17876
17884
17907
17914
17923
17934
17940
17980
17982
17984
17988
18005
18006
18019
18029
18066
18076
18081
18093
18098
18101
18123
18136
18142
18157
18159
18165
18168
18170
18178
18183
18186
18189
18202
18210
18221
18224
18234
18235
18238
18245
18252
18255
18259
18260
18276
18279
18308
18309
18314
18319
18329
18334
18343
18354
18363
18364
18366
18390
18392
18393
18399
18415
18421
18432
18438
18442
18445
18447
18448
18458
18475
18507
18519
18535
18551
18556
18560
18567
18582
18583
18602
18603
18613
18615
18617
18623
18633
18668
18670
18697
18713
18714
18719
18736
18741
18743
18760
18763
18767
18775
18785
18817
18821
18825
18828
18836
18863
18870
18877
18889
18891
18908
18915
18925
18933
18944
18971
18973
18980
18996
19001
19016
19022
19031
19063
19066
19069
19080
19094
19105
19111
19136
19141
19143
19145
19152
19155
19156
19171
19172
19177
19205
19210
19224
19242
19244
19252
19254
19260
19268
19271
19277
19279
19282
19287
19291
19301
19308
19319
19321
19326
19328
19334
19336
19343
19364
19365
19367
19392
19402
19403
19440
19492
19498
19506
19510
19517
19519
19526
19529
19551
19563
19566
19577
19599
19625
19645
19648
19678
19689
19690
19698
19700
19717
19736
19745
19754
19767
19786
19809
19820
19836
19848
19854
19864
19865
19867
19875
19885
19887
19890
19909
19912
19918
19936
19938
19942
19959
19961
19974
19988
19992
19995
19999
TIME ELAPSED IN NANOSECONDS: 1476313

===========QuickSort Using Median Item and Smallest Partition Size=============
22
29
37
43
45
48
53
61
66
68
71
75
76
85
91
104
111
120
125
127
128
136
141
159
162
166
169
187
191
204
208
210
224
231
242
253
260
275
293
309
311
312
321
323
341
371
375
408
422
424
425
426
428
431
440
450
466
482
494
495
499
500
535
547
551
572
611
614
627
642
644
660
698
741
746
747
755
772
780
790
794
801
816
818
826
851
854
858
884
889
894
896
908
920
940
952
957
962
968
972
974
983
999
1007
1024
1033
1039
1048
1119
1166
1225
1245
1249
1253
1256
1275
1289
1315
1318
1324
1333
1351
1355
1360
1361
1384
1389
1400
1431
1433
1437
1440
1475
1482
1492
1502
1507
1554
1560
1563
1582
1618
1626
1629
1645
1657
1680
1681
1703
1762
1764
1782
1784
1785
1789
1793
1798
1802
1803
1804
1805
1814
1817
1844
1847
1851
1866
1868
1883
1890
1900
1905
1915
1920
1922
1946
1950
1951
1953
1956
1958
1977
2000
2014
2019
2020
2031
2035
2040
2045
2060
2090
2095
2105
2123
2125
2127
2162
2163
2166
2167
2182
2183
2189
2193
2197
2198
2207
2210
2220
2236
2243
2248
2259
2279
2280
2293
2303
2308
2313
2333
2343
2351
2390
2397
2401
2414
2424
2438
2448
2460
2462
2463
2464
2494
2508
2514
2516
2523
2538
2551
2559
2561
2563
2587
2589
2595
2596
2609
2640
2657
2675
2679
2691
2696
2705
2713
2726
2740
2743
2744
2753
2789
2791
2832
2845
2849
2857
2864
2870
2895
2900
2908
2910
2923
2928
2946
2950
2975
2981
2998
3000
3012
3015
3019
3020
3023
3050
3070
3090
3109
3111
3121
3131
3169
3178
3182
3186
3187
3215
3253
3274
3280
3283
3285
3289
3292
3294
3298
3300
3309
3312
3341
3342
3354
3361
3363
3371
3381
3383
3423
3424
3427
3463
3466
3467
3484
3501
3512
3515
3537
3555
3557
3559
3567
3574
3588
3592
3597
3612
3613
3625
3646
3653
3661
3669
3678
3688
3703
3718
3719
3749
3761
3762
3766
3779
3782
3786
3803
3839
3840
3849
3851
3855
3865
3881
3884
3898
3904
3911
3914
3920
3950
3954
3955
3957
3965
3968
3979
4000
4004
4008
4022
4048
4049
4055
4113
4142
4160
4163
4170
4190
4193
4194
4210
4233
4234
4247
4257
4275
4298
4304
4308
4313
4325
4339
4351
4360
4366
4372
4385
4394
4398
4416
4418
4420
4424
4426
4430
4466
4467
4475
4478
4480
4485
4488
4497
4511
4524
4533
4534
4537
4544
4547
4559
4561
4566
4572
4577
4578
4582
4592
4600
4613
4614
4620
4626
4627
4628
4643
4656
4661
4699
4704
4719
4729
4740
4747
4748
4759
4763
4770
4774
4778
4785
4802
4825
4830
4841
4844
4853
4859
4860
4863
4878
4893
4902
4905
4911
4921
4924
4933
4957
4961
4975
4978
4980
4993
4999
5045
5083
5089
5092
5096
5103
5158
5161
5179
5194
5199
5202
5212
5238
5241
5258
5268
5271
5289
5293
5295
5301
5309
5314
5317
5327
5329
5344
5350
5351
5376
5395
5399
5436
5444
5447
5452
5466
5469
5489
5504
5507
5532
5542
5544
5561
5581
5589
5592
5596
5612
5615
5617
5643
5649
5672
5673
5704
5712
5717
5731
5741
5743
5744
5760
5779
5785
5797
5802
5804
5812
5832
5834
5846
5858
5883
5894
5909
5927
5928
5941
5944
5956
5957
5972
5973
5974
5992
6017
6019
6030
6046
6062
6066
6073
6074
6079
6101
6103
6127
6130
6137
6142
6172
6182
6194
6206
6210
6218
6224
6229
6236
6245
6248
6254
6256
6262
6271
6282
6285
6313
6314
6319
6327
6331
6351
6358
6361
6370
6375
6388
6391
6398
6425
6431
6439
6449
6454
6455
6457
6458
6467
6469
6470
6478
6481
6507
6530
6542
6556
6561
6566
6568
6599
6612
6614
6621
6622
6637
6638
6666
6667
6668
6669
6678
6688
6701
6702
6733
6748
6772
6775
6778
6779
6781
6784
6790
6799
6810
6811
6819
6823
6824
6838
6846
6847
6860
6875
6896
6900
6901
6925
6927
6945
6946
6955
6966
6977
6986
7012
7027
7041
7043
7053
7060
7068
7080
7104
7108
7114
7129
7139
7150
7167
7186
7211
7215
7225
7246
7261
7264
7292
7297
7307
7319
7320
7349
7363
7390
7397
7419
7420
7422
7440
7445
7457
7477
7484
7493
7494
7510
7538
7542
7546
7554
7559
7573
7606
7614
7617
7619
7620
7621
7631
7655
7663
7664
7679
7683
7696
7708
7709
7745
7746
7762
7767
7789
7790
7809
7823
7831
7837
7842
7844
7845
7863
7875
7881
7903
7908
7916
7938
7944
7961
7964
7979
7980
7998
8006
8007
8010
8026
8032
8034
8046
8059
8083
8097
8100
8109
8111
8119
8120
8126
8148
8157
8166
8172
8187
8190
8197
8199
8214
8234
8240
8254
8270
8285
8294
8295
8300
8308
8334
8339
8342
8345
8347
8358
8359
8369
8386
8397
8399
8400
8402
8416
8419
8421
8450
8453
8493
8499
8504
8511
8512
8537
8549
8550
8563
8574
8584
8588
8591
8627
8633
8672
8693
8697
8704
8710
8725
8737
8739
8742
8750
8767
8770
8775
8784
8795
8798
8803
8815
8826
8845
8847
8851
8864
8865
8904
8927
8935
8940
8941
8957
8963
9004
9015
9031
9035
9037
9045
9059
9063
9108
9114
9118
9133
9144
9162
9175
9200
9203
9207
9210
9224
9228
9229
9254
9277
9278
9281
9282
9287
9307
9311
9326
9329
9331
9341
9362
9364
9384
9394
9399
9404
9414
9418
9432
9448
9449
9458
9469
9471
9474
9477
9481
9487
9490
9497
9501
9507
9512
9514
9516
9541
9547
9554
9565
9578
9584
9592
9625
9634
9641
9653
9656
9660
9672
9677
9689
9696
9697
9718
9731
9735
9736
9744
9747
9766
9776
9777
9794
9854
9855
9861
9878
9879
9914
9919
9923
9927
9932
9944
9947
9950
9955
9959
9969
9992
10021
10022
10029
10046
10052
10061
10071
10074
10087
10095
10109
10136
10137
10147
10148
10151
10187
10191
10195
10197
10203
10207
10222
10239
10246
10266
10270
10277
10298
10304
10307
10313
10331
10335
10337
10347
10415
10426
10435
10460
10464
10466
10485
10493
10496
10518
10521
10522
10542
10543
10547
10574
10575
10583
10587
10590
10592
10599
10600
10617
10635
10652
10660
10689
10697
10710
10714
10726
10728
10740
10748
10754
10760
10781
10795
10796
10813
10816
10832
10842
10877
10883
10896
10899
10905
10913
10920
10926
10947
10960
10973
10981
10983
11004
11019
11021
11033
11036
11038
11054
11085
11097
11104
11111
11112
11117
11124
11136
11162
11163
11178
11181
11190
11218
11246
11256
11257
11262
11266
11284
11288
11293
11314
11320
11331
11332
11336
11368
11376
11384
11388
11389
11394
11404
11415
11421
11447
11457
11462
11469
11524
11534
11536
11544
11551
11558
11560
11572
11582
11588
11603
11617
11624
11634
11647
11651
11657
11672
11679
11681
11686
11701
11706
11711
11747
11749
11757
11778
11780
11792
11796
11799
11827
11835
11837
11843
11854
11890
11904
11915
11917
11920
11931
11932
11938
11940
11945
11956
11964
11978
11984
11993
12009
12014
12015
12027
12029
12036
12050
12052
12071
12096
12102
12103
12120
12129
12143
12185
12192
12206
12208
12209
12215
12225
12250
12255
12259
12264
12265
12294
12296
12299
12308
12332
12337
12347
12353
12368
12373
12374
12387
12395
12396
12401
12425
12431
12432
12464
12467
12488
12499
12508
12513
12518
12523
12542
12555
12561
12583
12594
12601
12618
12622
12625
12631
12669
12672
12678
12679
12682
12683
12688
12694
12698
12703
12707
12718
12719
12736
12748
12753
12754
12756
12757
12759
12760
12761
12777
12813
12835
12838
12854
12862
12866
12872
12880
12892
12906
12912
12928
12952
12962
12963
12974
12987
13046
13048
13050
13053
13057
13058
13067
13077
13089
13098
13122
13126
13147
13151
13157
13160
13165
13171
13172
13173
13179
13182
13183
13206
13210
13224
13231
13248
13258
13269
13273
13294
13297
13315
13328
13329
13336
13340
13352
13357
13360
13367
13368
13371
13374
13389
13391
13406
13408
13413
13440
13444
13455
13456
13482
13483
13484
13495
13503
13516
13531
13557
13559
13592
13599
13610
13619
13632
13642
13651
13662
13671
13682
13685
13689
13693
13709
13720
13723
13724
13727
13729
13740
13742
13748
13757
13764
13799
13802
13807
13812
13818
13827
13832
13838
13843
13845
13861
13865
13866
13867
13868
13891
13898
13908
13910
13919
13921
13932
13937
13939
13949
13962
13974
13987
13998
14017
14027
14033
14052
14065
14077
14079
14080
14088
14107
14108
14110
14154
14165
14178
14200
14210
14224
14227
14253
14262
14271
14287
14294
14303
14307
14309
14316
14323
14325
14327
14336
14343
14348
14349
14351
14352
14355
14380
14381
14384
14392
14404
14414
14416
14430
14444
14446
14450
14456
14459
14462
14469
14472
14473
14474
14493
14499
14502
14503
14533
14544
14548
14551
14569
14575
14601
14605
14614
14625
14647
14658
14678
14682
14702
14722
14741
14766
14770
14785
14786
14808
14810
14831
14851
14854
14860
14864
14869
14874
14887
14888
14919
14936
14947
14955
14981
14985
15003
15006
15009
15028
15032
15037
15040
15056
15062
15077
15084
15085
15089
15101
15110
15116
15128
15132
15141
15142
15146
15149
15165
15171
15176
15179
15213
15216
15228
15232
15242
15246
15258
15268
15294
15306
15318
15319
15322
15334
15340
15350
15351
15357
15359
15360
15373
15384
15392
15399
15406
15458
15473
15474
15483
15513
15531
15532
15559
15564
15583
15603
15627
15643
15647
15658
15669
15670
15691
15702
15718
15732
15734
15738
15742
15761
15763
15764
15765
15776
15777
15781
15793
15821
15845
15852
15869
15884
15888
15893
15901
15906
15908
15915
15916
15927
15930
15939
15950
15956
15967
15971
15977
15980
15992
16005
16026
16036
16040
16047
16053
16058
16085
16086
16093
16110
16131
16132
16176
16181
16183
16187
16190
16204
16208
16210
16230
16242
16246
16254
16257
16259
16260
16281
16288
16295
16312
16336
16342
16360
16361
16372
16399
16407
16442
16444
16457
16478
16494
16523
16528
16530
16531
16533
16537
16555
16557
16591
16594
16603
16604
16606
16607
16608
16610
16611
16622
16626
16630
16644
16649
16653
16656
16661
16668
16671
16677
16679
16682
16686
16691
16698
16703
16713
16716
16718
16720
16737
16744
16774
16777
16795
16797
16843
16846
16859
16874
16880
16881
16897
16898
16917
16924
16936
16940
16951
16954
16983
17040
17052
17062
17095
17120
17129
17134
17146
17150
17154
17167
17173
17204
17213
17220
17236
17237
17246
17261
17264
17281
17286
17287
17292
17312
17313
17315
17322
17334
17336
17339
17341
17342
17365
17390
17417
17418
17421
17434
17436
17459
17461
17462
17476
17492
17503
17504
17525
17537
17538
17542
17569
17581
17589
17593
17594
17607
17610
17612
17624
17627
17628
17629
17647
17671
17682
17697
17708
17732
17761
17762
17769
17772
17838
17846
17859
17862
17866
17868
17876
17884
17907
17914
17923
17934
17940
17980
17982
17984
17988
18005
18006
18019
18029
18066
18076
18081
18093
18098
18101
18123
18136
18142
18157
18159
18165
18168
18170
18178
18183
18186
18189
18202
18210
18221
18224
18234
18235
18238
18245
18252
18255
18259
18260
18276
18279
18308
18309
18314
18319
18329
18334
18343
18354
18363
18364
18366
18390
18392
18393
18399
18415
18421
18432
18438
18442
18445
18447
18448
18458
18475
18507
18519
18535
18551
18556
18560
18567
18582
18583
18602
18603
18613
18615
18617
18623
18633
18668
18670
18697
18713
18714
18719
18736
18741
18743
18760
18763
18767
18775
18785
18817
18821
18825
18828
18836
18863
18870
18877
18889
18891
18908
18915
18925
18933
18944
18971
18973
18980
18996
19001
19016
19022
19031
19063
19066
19069
19080
19094
19105
19111
19136
19141
19143
19145
19152
19155
19156
19171
19172
19177
19205
19210
19224
19242
19244
19252
19254
19260
19268
19271
19277
19279
19282
19287
19291
19301
19308
19319
19321
19326
19328
19334
19336
19343
19364
19365
19367
19392
19402
19403
19440
19492
19498
19506
19510
19517
19519
19526
19529
19551
19563
19566
19577
19599
19625
19645
19648
19678
19689
19690
19698
19700
19717
19736
19745
19754
19767
19786
19809
19820
19836
19848
19854
19864
19865
19867
19875
19885
19887
19890
19909
19912
19918
19936
19938
19942
19959
19961
19974
19988
19992
19995
19999
TIME ELAPSED IN NANOSECONDS: 745347

===========HeapSort=============
22
29
37
43
45
48
53
61
66
68
71
75
76
85
91
104
111
120
125
127
128
136
141
159
162
166
169
187
191
204
208
210
224
231
242
253
260
275
293
309
311
312
321
323
341
371
375
408
422
424
425
426
428
431
440
450
466
482
494
495
499
500
535
547
551
572
611
614
627
642
644
660
698
741
746
747
755
772
780
790
794
801
816
818
826
851
854
858
884
889
894
896
908
920
940
952
957
962
968
972
974
983
999
1007
1024
1033
1039
1048
1119
1166
1225
1245
1249
1253
1256
1275
1289
1315
1318
1324
1333
1351
1355
1360
1361
1384
1389
1400
1431
1433
1437
1440
1475
1482
1492
1502
1507
1554
1560
1563
1582
1618
1626
1629
1645
1657
1680
1681
1703
1762
1764
1782
1784
1785
1789
1793
1798
1802
1803
1804
1805
1814
1817
1844
1847
1851
1866
1868
1883
1890
1900
1905
1915
1920
1922
1946
1950
1951
1953
1956
1958
1977
2000
2014
2019
2020
2031
2035
2040
2045
2060
2090
2095
2105
2123
2125
2127
2162
2163
2166
2167
2182
2183
2189
2193
2197
2198
2207
2210
2220
2236
2243
2248
2259
2279
2280
2293
2303
2308
2313
2333
2343
2351
2390
2397
2401
2414
2424
2438
2448
2460
2462
2463
2464
2494
2508
2514
2516
2523
2538
2551
2559
2561
2563
2587
2589
2595
2596
2609
2640
2657
2675
2679
2691
2696
2705
2713
2726
2740
2743
2744
2753
2789
2791
2832
2845
2849
2857
2864
2870
2895
2900
2908
2910
2923
2928
2946
2950
2975
2981
2998
3000
3012
3015
3019
3020
3023
3050
3070
3090
3109
3111
3121
3131
3169
3178
3182
3186
3187
3215
3253
3274
3280
3283
3285
3289
3292
3294
3298
3300
3309
3312
3341
3342
3354
3361
3363
3371
3381
3383
3423
3424
3427
3463
3466
3467
3484
3501
3512
3515
3537
3555
3557
3559
3567
3574
3588
3592
3597
3612
3613
3625
3646
3653
3661
3669
3678
3688
3703
3718
3719
3749
3761
3762
3766
3779
3782
3786
3803
3839
3840
3849
3851
3855
3865
3881
3884
3898
3904
3911
3914
3920
3950
3954
3955
3957
3965
3968
3979
4000
4004
4008
4022
4048
4049
4055
4113
4142
4160
4163
4170
4190
4193
4194
4210
4233
4234
4247
4257
4275
4298
4304
4308
4313
4325
4339
4351
4360
4366
4372
4385
4394
4398
4416
4418
4420
4424
4426
4430
4466
4467
4475
4478
4480
4485
4488
4497
4511
4524
4533
4534
4537
4544
4547
4559
4561
4566
4572
4577
4578
4582
4592
4600
4613
4614
4620
4626
4627
4628
4643
4656
4661
4699
4704
4719
4729
4740
4747
4748
4759
4763
4770
4774
4778
4785
4802
4825
4830
4841
4844
4853
4859
4860
4863
4878
4893
4902
4905
4911
4921
4924
4933
4957
4961
4975
4978
4980
4993
4999
5045
5083
5089
5092
5096
5103
5158
5161
5179
5194
5199
5202
5212
5238
5241
5258
5268
5271
5289
5293
5295
5301
5309
5314
5317
5327
5329
5344
5350
5351
5376
5395
5399
5436
5444
5447
5452
5466
5469
5489
5504
5507
5532
5542
5544
5561
5581
5589
5592
5596
5612
5615
5617
5643
5649
5672
5673
5704
5712
5717
5731
5741
5743
5744
5760
5779
5785
5797
5802
5804
5812
5832
5834
5846
5858
5883
5894
5909
5927
5928
5941
5944
5956
5957
5972
5973
5974
5992
6017
6019
6030
6046
6062
6066
6073
6074
6079
6101
6103
6127
6130
6137
6142
6172
6182
6194
6206
6210
6218
6224
6229
6236
6245
6248
6254
6256
6262
6271
6282
6285
6313
6314
6319
6327
6331
6351
6358
6361
6370
6375
6388
6391
6398
6425
6431
6439
6449
6454
6455
6457
6458
6467
6469
6470
6478
6481
6507
6530
6542
6556
6561
6566
6568
6599
6612
6614
6621
6622
6637
6638
6666
6667
6668
6669
6678
6688
6701
6702
6733
6748
6772
6775
6778
6779
6781
6784
6790
6799
6810
6811
6819
6823
6824
6838
6846
6847
6860
6875
6896
6900
6901
6925
6927
6945
6946
6955
6966
6977
6986
7012
7027
7041
7043
7053
7060
7068
7080
7104
7108
7114
7129
7139
7150
7167
7186
7211
7215
7225
7246
7261
7264
7292
7297
7307
7319
7320
7349
7363
7390
7397
7419
7420
7422
7440
7445
7457
7477
7484
7493
7494
7510
7538
7542
7546
7554
7559
7573
7606
7614
7617
7619
7620
7621
7631
7655
7663
7664
7679
7683
7696
7708
7709
7745
7746
7762
7767
7789
7790
7809
7823
7831
7837
7842
7844
7845
7863
7875
7881
7903
7908
7916
7938
7944
7961
7964
7979
7980
7998
8006
8007
8010
8026
8032
8034
8046
8059
8083
8097
8100
8109
8111
8119
8120
8126
8148
8157
8166
8172
8187
8190
8197
8199
8214
8234
8240
8254
8270
8285
8294
8295
8300
8308
8334
8339
8342
8345
8347
8358
8359
8369
8386
8397
8399
8400
8402
8416
8419
8421
8450
8453
8493
8499
8504
8511
8512
8537
8549
8550
8563
8574
8584
8588
8591
8627
8633
8672
8693
8697
8704
8710
8725
8737
8739
8742
8750
8767
8770
8775
8784
8795
8798
8803
8815
8826
8845
8847
8851
8864
8865
8904
8927
8935
8940
8941
8957
8963
9004
9015
9031
9035
9037
9045
9059
9063
9108
9114
9118
9133
9144
9162
9175
9200
9203
9207
9210
9224
9228
9229
9254
9277
9278
9281
9282
9287
9307
9311
9326
9329
9331
9341
9362
9364
9384
9394
9399
9404
9414
9418
9432
9448
9449
9458
9469
9471
9474
9477
9481
9487
9490
9497
9501
9507
9512
9514
9516
9541
9547
9554
9565
9578
9584
9592
9625
9634
9641
9653
9656
9660
9672
9677
9689
9696
9697
9718
9731
9735
9736
9744
9747
9766
9776
9777
9794
9854
9855
9861
9878
9879
9914
9919
9923
9927
9932
9944
9947
9950
9955
9959
9969
9992
10021
10022
10029
10046
10052
10061
10071
10074
10087
10095
10109
10136
10137
10147
10148
10151
10187
10191
10195
10197
10203
10207
10222
10239
10246
10266
10270
10277
10298
10304
10307
10313
10331
10335
10337
10347
10415
10426
10435
10460
10464
10466
10485
10493
10496
10518
10521
10522
10542
10543
10547
10574
10575
10583
10587
10590
10592
10599
10600
10617
10635
10652
10660
10689
10697
10710
10714
10726
10728
10740
10748
10754
10760
10781
10795
10796
10813
10816
10832
10842
10877
10883
10896
10899
10905
10913
10920
10926
10947
10960
10973
10981
10983
11004
11019
11021
11033
11036
11038
11054
11085
11097
11104
11111
11112
11117
11124
11136
11162
11163
11178
11181
11190
11218
11246
11256
11257
11262
11266
11284
11288
11293
11314
11320
11331
11332
11336
11368
11376
11384
11388
11389
11394
11404
11415
11421
11447
11457
11462
11469
11524
11534
11536
11544
11551
11558
11560
11572
11582
11588
11603
11617
11624
11634
11647
11651
11657
11672
11679
11681
11686
11701
11706
11711
11747
11749
11757
11778
11780
11792
11796
11799
11827
11835
11837
11843
11854
11890
11904
11915
11917
11920
11931
11932
11938
11940
11945
11956
11964
11978
11984
11993
12009
12014
12015
12027
12029
12036
12050
12052
12071
12096
12102
12103
12120
12129
12143
12185
12192
12206
12208
12209
12215
12225
12250
12255
12259
12264
12265
12294
12296
12299
12308
12332
12337
12347
12353
12368
12373
12374
12387
12395
12396
12401
12425
12431
12432
12464
12467
12488
12499
12508
12513
12518
12523
12542
12555
12561
12583
12594
12601
12618
12622
12625
12631
12669
12672
12678
12679
12682
12683
12688
12694
12698
12703
12707
12718
12719
12736
12748
12753
12754
12756
12757
12759
12760
12761
12777
12813
12835
12838
12854
12862
12866
12872
12880
12892
12906
12912
12928
12952
12962
12963
12974
12987
13046
13048
13050
13053
13057
13058
13067
13077
13089
13098
13122
13126
13147
13151
13157
13160
13165
13171
13172
13173
13179
13182
13183
13206
13210
13224
13231
13248
13258
13269
13273
13294
13297
13315
13328
13329
13336
13340
13352
13357
13360
13367
13368
13371
13374
13389
13391
13406
13408
13413
13440
13444
13455
13456
13482
13483
13484
13495
13503
13516
13531
13557
13559
13592
13599
13610
13619
13632
13642
13651
13662
13671
13682
13685
13689
13693
13709
13720
13723
13724
13727
13729
13740
13742
13748
13757
13764
13799
13802
13807
13812
13818
13827
13832
13838
13843
13845
13861
13865
13866
13867
13868
13891
13898
13908
13910
13919
13921
13932
13937
13939
13949
13962
13974
13987
13998
14017
14027
14033
14052
14065
14077
14079
14080
14088
14107
14108
14110
14154
14165
14178
14200
14210
14224
14227
14253
14262
14271
14287
14294
14303
14307
14309
14316
14323
14325
14327
14336
14343
14348
14349
14351
14352
14355
14380
14381
14384
14392
14404
14414
14416
14430
14444
14446
14450
14456
14459
14462
14469
14472
14473
14474
14493
14499
14502
14503
14533
14544
14548
14551
14569
14575
14601
14605
14614
14625
14647
14658
14678
14682
14702
14722
14741
14766
14770
14785
14786
14808
14810
14831
14851
14854
14860
14864
14869
14874
14887
14888
14919
14936
14947
14955
14981
14985
15003
15006
15009
15028
15032
15037
15040
15056
15062
15077
15084
15085
15089
15101
15110
15116
15128
15132
15141
15142
15146
15149
15165
15171
15176
15179
15213
15216
15228
15232
15242
15246
15258
15268
15294
15306
15318
15319
15322
15334
15340
15350
15351
15357
15359
15360
15373
15384
15392
15399
15406
15458
15473
15474
15483
15513
15531
15532
15559
15564
15583
15603
15627
15643
15647
15658
15669
15670
15691
15702
15718
15732
15734
15738
15742
15761
15763
15764
15765
15776
15777
15781
15793
15821
15845
15852
15869
15884
15888
15893
15901
15906
15908
15915
15916
15927
15930
15939
15950
15956
15967
15971
15977
15980
15992
16005
16026
16036
16040
16047
16053
16058
16085
16086
16093
16110
16131
16132
16176
16181
16183
16187
16190
16204
16208
16210
16230
16242
16246
16254
16257
16259
16260
16281
16288
16295
16312
16336
16342
16360
16361
16372
16399
16407
16442
16444
16457
16478
16494
16523
16528
16530
16531
16533
16537
16555
16557
16591
16594
16603
16604
16606
16607
16608
16610
16611
16622
16626
16630
16644
16649
16653
16656
16661
16668
16671
16677
16679
16682
16686
16691
16698
16703
16713
16716
16718
16720
16737
16744
16774
16777
16795
16797
16843
16846
16859
16874
16880
16881
16897
16898
16917
16924
16936
16940
16951
16954
16983
17040
17052
17062
17095
17120
17129
17134
17146
17150
17154
17167
17173
17204
17213
17220
17236
17237
17246
17261
17264
17281
17286
17287
17292
17312
17313
17315
17322
17334
17336
17339
17341
17342
17365
17390
17417
17418
17421
17434
17436
17459
17461
17462
17476
17492
17503
17504
17525
17537
17538
17542
17569
17581
17589
17593
17594
17607
17610
17612
17624
17627
17628
17629
17647
17671
17682
17697
17708
17732
17761
17762
17769
17772
17838
17846
17859
17862
17866
17868
17876
17884
17907
17914
17923
17934
17940
17980
17982
17984
17988
18005
18006
18019
18029
18066
18076
18081
18093
18098
18101
18123
18136
18142
18157
18159
18165
18168
18170
18178
18183
18186
18189
18202
18210
18221
18224
18234
18235
18238
18245
18252
18255
18259
18260
18276
18279
18308
18309
18314
18319
18329
18334
18343
18354
18363
18364
18366
18390
18392
18393
18399
18415
18421
18432
18438
18442
18445
18447
18448
18458
18475
18507
18519
18535
18551
18556
18560
18567
18582
18583
18602
18603
18613
18615
18617
18623
18633
18668
18670
18697
18713
18714
18719
18736
18741
18743
18760
18763
18767
18775
18785
18817
18821
18825
18828
18836
18863
18870
18877
18889
18891
18908
18915
18925
18933
18944
18971
18973
18980
18996
19001
19016
19022
19031
19063
19066
19069
19080
19094
19105
19111
19136
19141
19143
19145
19152
19155
19156
19171
19172
19177
19205
19210
19224
19242
19244
19252
19254
19260
19268
19271
19277
19279
19282
19287
19291
19301
19308
19319
19321
19326
19328
19334
19336
19343
19364
19365
19367
19392
19402
19403
19440
19492
19498
19506
19510
19517
19519
19526
19529
19551
19563
19566
19577
19599
19625
19645
19648
19678
19689
19690
19698
19700
19717
19736
19745
19754
19767
19786
19809
19820
19836
19848
19854
19864
19865
19867
19875
19885
19887
19890
19909
19912
19918
19936
19938
19942
19959
19961
19974
19988
19992
19995
19999
TIME ELAPSED IN NANOSECONDS: 294718

