===========QuickSort Using First Item Pivot and Smallest Partition Size=============
2
174
949
1327
1422
1529
1744
3891
4846
4884
5255
5872
6055
6596
6629
6681
7045
7417
7820
7940
8194
8240
8256
8684
9061
9476
9521
10413
10680
11074
11750
11904
12775
12974
13217
13326
14644
15186
15259
15407
15533
15867
16690
16706
17750
18079
18221
19081
19405
19827
TIME ELAPSED IN NANOSECONDS: 3971

===========QuickSort Using First Item and 50 Partition Size=============
2
174
949
1327
1422
1529
1744
3891
4846
4884
5255
5872
6055
6596
6629
6681
7045
7417
7820
7940
8194
8240
8256
8684
9061
9476
9521
10413
10680
11074
11750
11904
12775
12974
13217
13326
14644
15186
15259
15407
15533
15867
16690
16706
17750
18079
18221
19081
19405
19827
TIME ELAPSED IN NANOSECONDS: 4191

===========QuickSort Using First Item and 100 Partition Size=============
2
174
949
1327
1422
1529
1744
3891
4846
4884
5255
5872
6055
6596
6629
6681
7045
7417
7820
7940
8194
8240
8256
8684
9061
9476
9521
10413
10680
11074
11750
11904
12775
12974
13217
13326
14644
15186
15259
15407
15533
15867
16690
16706
17750
18079
18221
19081
19405
19827
TIME ELAPSED IN NANOSECONDS: 2840

===========QuickSort Using Median Item and Smallest Partition Size=============
2
174
949
1327
1422
1529
1744
3891
4846
4884
5255
5872
6055
6596
6629
6681
7045
7417
7820
7940
8194
8240
8256
8684
9061
9476
9521
10413
10680
11074
11750
11904
12775
12974
13217
13326
14644
15186
15259
15407
15533
15867
16690
16706
17750
18079
18221
19081
19405
19827
TIME ELAPSED IN NANOSECONDS: 3975

===========HeapSort=============
2
174
949
1327
1422
1529
1744
3891
4846
4884
5255
5872
6055
6596
6629
6681
7045
7417
7820
7940
8194
8240
8256
8684
9061
9476
9521
10413
10680
11074
11750
11904
12775
12974
13217
13326
14644
15186
15259
15407
15533
15867
16690
16706
17750
18079
18221
19081
19405
19827
TIME ELAPSED IN NANOSECONDS: 7593

