===========QuickSort Using First Item Pivot and Smallest Partition Size=============
6
18
29
112
121
157
191
225
245
289
296
318
337
389
457
509
553
564
600
609
699
760
800
814
835
864
902
980
1024
1076
1185
1201
1202
1289
1292
1333
1377
1383
1384
1395
1429
1658
1691
1725
1754
1767
1797
1858
1894
1956
1977
2179
2345
2355
2408
2432
2487
2502
2521
2535
2556
2565
2651
2654
2749
2762
2786
2838
2839
2933
2960
3015
3027
3109
3154
3207
3348
3420
3456
3536
3552
3563
3605
3627
3632
3686
3698
3719
3771
3782
3783
3818
3824
3843
4034
4050
4077
4078
4101
4139
4246
4265
4337
4345
4375
4390
4451
4505
4541
4646
4657
4660
4666
4694
4736
4829
4830
4886
4981
5003
5040
5082
5183
5206
5207
5240
5251
5256
5267
5281
5307
5370
5380
5390
5427
5453
5478
5618
5648
5670
5805
5828
5837
5899
5965
5968
6126
6177
6222
6240
6254
6266
6283
6313
6367
6438
6454
6464
6587
6669
6685
6713
6768
6782
6892
6931
6950
6952
7020
7056
7058
7089
7130
7175
7184
7267
7268
7289
7380
7405
7506
7540
7563
7578
7655
7684
7687
7734
7749
7866
7895
7925
7937
7947
8047
8122
8243
8259
8277
8395
8420
8436
8443
8459
8552
8587
8598
8604
8608
8611
8660
8731
8736
8814
8849
8926
8938
9012
9015
9045
9097
9136
9158
9182
9186
9240
9254
9268
9350
9355
9418
9461
9479
9502
9514
9585
9619
9661
9693
9746
9833
9915
9923
9979
9997
10019
10122
10142
10168
10179
10201
10352
10438
10460
10512
10562
10595
10615
10623
10702
10708
10711
10720
10829
10853
10876
10899
10914
10918
10923
10972
10976
10989
11009
11110
11179
11181
11204
11345
11355
11362
11428
11459
11493
11501
11580
11671
11682
11705
11723
11762
11767
11848
11885
11898
11955
11970
11983
12066
12096
12128
12182
12209
12227
12246
12275
12329
12357
12447
12523
12532
12628
12694
12746
12762
12772
12783
12833
12840
12847
12894
12898
12916
12931
12953
13007
13013
13089
13096
13179
13187
13261
13297
13314
13377
13382
13426
13467
13500
13506
13566
13577
13594
13599
13617
13644
13648
13686
13698
13755
13760
13792
13844
13855
13876
13915
13946
13958
14047
14057
14064
14069
14146
14161
14170
14195
14296
14354
14385
14462
14467
14479
14579
14628
14658
14699
14853
14885
14951
14978
14994
14996
15053
15096
15131
15521
15610
15640
15742
15753
15755
15764
15787
15837
15862
15887
15935
15937
15997
16024
16102
16114
16177
16189
16206
16234
16261
16263
16294
16349
16350
16446
16491
16497
16523
16537
16550
16589
16664
16760
16829
17023
17119
17164
17177
17180
17204
17250
17309
17433
17436
17462
17474
17484
17487
17503
17539
17559
17560
17605
17649
17690
17691
17692
17731
17758
17769
17882
17900
17905
17949
17995
18001
18005
18009
18017
18124
18137
18168
18187
18239
18251
18294
18297
18363
18449
18477
18561
18634
18654
18673
18736
18785
18798
18953
19010
19047
19065
19088
19102
19205
19243
19283
19379
19442
19518
19537
19565
19579
19590
19610
19784
19852
19856
19889
19904
19909
19947
19962
19970
TIME ELAPSED IN NANOSECONDS: 135619

===========QuickSort Using First Item and 50 Partition Size=============
6
18
29
112
121
157
191
225
245
289
296
318
337
389
457
509
553
564
600
609
699
760
800
814
835
864
902
980
1024
1076
1185
1201
1202
1289
1292
1333
1377
1383
1384
1395
1429
1658
1691
1725
1754
1767
1797
1858
1894
1956
1977
2179
2345
2355
2408
2432
2487
2502
2521
2535
2556
2565
2651
2654
2749
2762
2786
2838
2839
2933
2960
3015
3027
3109
3154
3207
3348
3420
3456
3536
3552
3563
3605
3627
3632
3686
3698
3719
3771
3782
3783
3818
3824
3843
4034
4050
4077
4078
4101
4139
4246
4265
4337
4345
4375
4390
4451
4505
4541
4646
4657
4660
4666
4694
4736
4829
4830
4886
4981
5003
5040
5082
5183
5206
5207
5240
5251
5256
5267
5281
5307
5370
5380
5390
5427
5453
5478
5618
5648
5670
5805
5828
5837
5899
5965
5968
6126
6177
6222
6240
6254
6266
6283
6313
6367
6438
6454
6464
6587
6669
6685
6713
6768
6782
6892
6931
6950
6952
7020
7056
7058
7089
7130
7175
7184
7267
7268
7289
7380
7405
7506
7540
7563
7578
7655
7684
7687
7734
7749
7866
7895
7925
7937
7947
8047
8122
8243
8259
8277
8395
8420
8436
8443
8459
8552
8587
8598
8604
8608
8611
8660
8731
8736
8814
8849
8926
8938
9012
9015
9045
9097
9136
9158
9182
9186
9240
9254
9268
9350
9355
9418
9461
9479
9502
9514
9585
9619
9661
9693
9746
9833
9915
9923
9979
9997
10019
10122
10142
10168
10179
10201
10352
10438
10460
10512
10562
10595
10615
10623
10702
10708
10711
10720
10829
10853
10876
10899
10914
10918
10923
10972
10976
10989
11009
11110
11179
11181
11204
11345
11355
11362
11428
11459
11493
11501
11580
11671
11682
11705
11723
11762
11767
11848
11885
11898
11955
11970
11983
12066
12096
12128
12182
12209
12227
12246
12275
12329
12357
12447
12523
12532
12628
12694
12746
12762
12772
12783
12833
12840
12847
12894
12898
12916
12931
12953
13007
13013
13089
13096
13179
13187
13261
13297
13314
13377
13382
13426
13467
13500
13506
13566
13577
13594
13599
13617
13644
13648
13686
13698
13755
13760
13792
13844
13855
13876
13915
13946
13958
14047
14057
14064
14069
14146
14161
14170
14195
14296
14354
14385
14462
14467
14479
14579
14628
14658
14699
14853
14885
14951
14978
14994
14996
15053
15096
15131
15521
15610
15640
15742
15753
15755
15764
15787
15837
15862
15887
15935
15937
15997
16024
16102
16114
16177
16189
16206
16234
16261
16263
16294
16349
16350
16446
16491
16497
16523
16537
16550
16589
16664
16760
16829
17023
17119
17164
17177
17180
17204
17250
17309
17433
17436
17462
17474
17484
17487
17503
17539
17559
17560
17605
17649
17690
17691
17692
17731
17758
17769
17882
17900
17905
17949
17995
18001
18005
18009
18017
18124
18137
18168
18187
18239
18251
18294
18297
18363
18449
18477
18561
18634
18654
18673
18736
18785
18798
18953
19010
19047
19065
19088
19102
19205
19243
19283
19379
19442
19518
19537
19565
19579
19590
19610
19784
19852
19856
19889
19904
19909
19947
19962
19970
TIME ELAPSED IN NANOSECONDS: 87186

===========QuickSort Using First Item and 100 Partition Size=============
6
18
29
112
121
157
191
225
245
289
296
318
337
389
457
509
553
564
600
609
699
760
800
814
835
864
902
980
1024
1076
1185
1201
1202
1289
1292
1333
1377
1383
1384
1395
1429
1658
1691
1725
1754
1767
1797
1858
1894
1956
1977
2179
2345
2355
2408
2432
2487
2502
2521
2535
2556
2565
2651
2654
2749
2762
2786
2838
2839
2933
2960
3015
3027
3109
3154
3207
3348
3420
3456
3536
3552
3563
3605
3627
3632
3686
3698
3719
3771
3782
3783
3818
3824
3843
4034
4050
4077
4078
4101
4139
4246
4265
4337
4345
4375
4390
4451
4505
4541
4646
4657
4660
4666
4694
4736
4829
4830
4886
4981
5003
5040
5082
5183
5206
5207
5240
5251
5256
5267
5281
5307
5370
5380
5390
5427
5453
5478
5618
5648
5670
5805
5828
5837
5899
5965
5968
6126
6177
6222
6240
6254
6266
6283
6313
6367
6438
6454
6464
6587
6669
6685
6713
6768
6782
6892
6931
6950
6952
7020
7056
7058
7089
7130
7175
7184
7267
7268
7289
7380
7405
7506
7540
7563
7578
7655
7684
7687
7734
7749
7866
7895
7925
7937
7947
8047
8122
8243
8259
8277
8395
8420
8436
8443
8459
8552
8587
8598
8604
8608
8611
8660
8731
8736
8814
8849
8926
8938
9012
9015
9045
9097
9136
9158
9182
9186
9240
9254
9268
9350
9355
9418
9461
9479
9502
9514
9585
9619
9661
9693
9746
9833
9915
9923
9979
9997
10019
10122
10142
10168
10179
10201
10352
10438
10460
10512
10562
10595
10615
10623
10702
10708
10711
10720
10829
10853
10876
10899
10914
10918
10923
10972
10976
10989
11009
11110
11179
11181
11204
11345
11355
11362
11428
11459
11493
11501
11580
11671
11682
11705
11723
11762
11767
11848
11885
11898
11955
11970
11983
12066
12096
12128
12182
12209
12227
12246
12275
12329
12357
12447
12523
12532
12628
12694
12746
12762
12772
12783
12833
12840
12847
12894
12898
12916
12931
12953
13007
13013
13089
13096
13179
13187
13261
13297
13314
13377
13382
13426
13467
13500
13506
13566
13577
13594
13599
13617
13644
13648
13686
13698
13755
13760
13792
13844
13855
13876
13915
13946
13958
14047
14057
14064
14069
14146
14161
14170
14195
14296
14354
14385
14462
14467
14479
14579
14628
14658
14699
14853
14885
14951
14978
14994
14996
15053
15096
15131
15521
15610
15640
15742
15753
15755
15764
15787
15837
15862
15887
15935
15937
15997
16024
16102
16114
16177
16189
16206
16234
16261
16263
16294
16349
16350
16446
16491
16497
16523
16537
16550
16589
16664
16760
16829
17023
17119
17164
17177
17180
17204
17250
17309
17433
17436
17462
17474
17484
17487
17503
17539
17559
17560
17605
17649
17690
17691
17692
17731
17758
17769
17882
17900
17905
17949
17995
18001
18005
18009
18017
18124
18137
18168
18187
18239
18251
18294
18297
18363
18449
18477
18561
18634
18654
18673
18736
18785
18798
18953
19010
19047
19065
19088
19102
19205
19243
19283
19379
19442
19518
19537
19565
19579
19590
19610
19784
19852
19856
19889
19904
19909
19947
19962
19970
TIME ELAPSED IN NANOSECONDS: 142584

===========QuickSort Using Median Item and Smallest Partition Size=============
6
18
29
112
121
157
191
225
245
289
296
318
337
389
457
509
553
564
600
609
699
760
800
814
835
864
902
980
1024
1076
1185
1201
1202
1289
1292
1333
1377
1383
1384
1395
1429
1658
1691
1725
1754
1767
1797
1858
1894
1956
1977
2179
2345
2355
2408
2432
2487
2502
2521
2535
2556
2565
2651
2654
2749
2762
2786
2838
2839
2933
2960
3015
3027
3109
3154
3207
3348
3420
3456
3536
3552
3563
3605
3627
3632
3686
3698
3719
3771
3782
3783
3818
3824
3843
4034
4050
4077
4078
4101
4139
4246
4265
4337
4345
4375
4390
4451
4505
4541
4646
4657
4660
4666
4694
4736
4829
4830
4886
4981
5003
5040
5082
5183
5206
5207
5240
5251
5256
5267
5281
5307
5370
5380
5390
5427
5453
5478
5618
5648
5670
5805
5828
5837
5899
5965
5968
6126
6177
6222
6240
6254
6266
6283
6313
6367
6438
6454
6464
6587
6669
6685
6713
6768
6782
6892
6931
6950
6952
7020
7056
7058
7089
7130
7175
7184
7267
7268
7289
7380
7405
7506
7540
7563
7578
7655
7684
7687
7734
7749
7866
7895
7925
7937
7947
8047
8122
8243
8259
8277
8395
8420
8436
8443
8459
8552
8587
8598
8604
8608
8611
8660
8731
8736
8814
8849
8926
8938
9012
9015
9045
9097
9136
9158
9182
9186
9240
9254
9268
9350
9355
9418
9461
9479
9502
9514
9585
9619
9661
9693
9746
9833
9915
9923
9979
9997
10019
10122
10142
10168
10179
10201
10352
10438
10460
10512
10562
10595
10615
10623
10702
10708
10711
10720
10829
10853
10876
10899
10914
10918
10923
10972
10976
10989
11009
11110
11179
11181
11204
11345
11355
11362
11428
11459
11493
11501
11580
11671
11682
11705
11723
11762
11767
11848
11885
11898
11955
11970
11983
12066
12096
12128
12182
12209
12227
12246
12275
12329
12357
12447
12523
12532
12628
12694
12746
12762
12772
12783
12833
12840
12847
12894
12898
12916
12931
12953
13007
13013
13089
13096
13179
13187
13261
13297
13314
13377
13382
13426
13467
13500
13506
13566
13577
13594
13599
13617
13644
13648
13686
13698
13755
13760
13792
13844
13855
13876
13915
13946
13958
14047
14057
14064
14069
14146
14161
14170
14195
14296
14354
14385
14462
14467
14479
14579
14628
14658
14699
14853
14885
14951
14978
14994
14996
15053
15096
15131
15521
15610
15640
15742
15753
15755
15764
15787
15837
15862
15887
15935
15937
15997
16024
16102
16114
16177
16189
16206
16234
16261
16263
16294
16349
16350
16446
16491
16497
16523
16537
16550
16589
16664
16760
16829
17023
17119
17164
17177
17180
17204
17250
17309
17433
17436
17462
17474
17484
17487
17503
17539
17559
17560
17605
17649
17690
17691
17692
17731
17758
17769
17882
17900
17905
17949
17995
18001
18005
18009
18017
18124
18137
18168
18187
18239
18251
18294
18297
18363
18449
18477
18561
18634
18654
18673
18736
18785
18798
18953
19010
19047
19065
19088
19102
19205
19243
19283
19379
19442
19518
19537
19565
19579
19590
19610
19784
19852
19856
19889
19904
19909
19947
19962
19970
TIME ELAPSED IN NANOSECONDS: 77156

===========HeapSort=============
6
18
29
112
121
157
191
225
245
289
296
318
337
389
457
509
553
564
600
609
699
760
800
814
835
864
902
980
1024
1076
1185
1201
1202
1289
1292
1333
1377
1383
1384
1395
1429
1658
1691
1725
1754
1767
1797
1858
1894
1956
1977
2179
2345
2355
2408
2432
2487
2502
2521
2535
2556
2565
2651
2654
2749
2762
2786
2838
2839
2933
2960
3015
3027
3109
3154
3207
3348
3420
3456
3536
3552
3563
3605
3627
3632
3686
3698
3719
3771
3782
3783
3818
3824
3843
4034
4050
4077
4078
4101
4139
4246
4265
4337
4345
4375
4390
4451
4505
4541
4646
4657
4660
4666
4694
4736
4829
4830
4886
4981
5003
5040
5082
5183
5206
5207
5240
5251
5256
5267
5281
5307
5370
5380
5390
5427
5453
5478
5618
5648
5670
5805
5828
5837
5899
5965
5968
6126
6177
6222
6240
6254
6266
6283
6313
6367
6438
6454
6464
6587
6669
6685
6713
6768
6782
6892
6931
6950
6952
7020
7056
7058
7089
7130
7175
7184
7267
7268
7289
7380
7405
7506
7540
7563
7578
7655
7684
7687
7734
7749
7866
7895
7925
7937
7947
8047
8122
8243
8259
8277
8395
8420
8436
8443
8459
8552
8587
8598
8604
8608
8611
8660
8731
8736
8814
8849
8926
8938
9012
9015
9045
9097
9136
9158
9182
9186
9240
9254
9268
9350
9355
9418
9461
9479
9502
9514
9585
9619
9661
9693
9746
9833
9915
9923
9979
9997
10019
10122
10142
10168
10179
10201
10352
10438
10460
10512
10562
10595
10615
10623
10702
10708
10711
10720
10829
10853
10876
10899
10914
10918
10923
10972
10976
10989
11009
11110
11179
11181
11204
11345
11355
11362
11428
11459
11493
11501
11580
11671
11682
11705
11723
11762
11767
11848
11885
11898
11955
11970
11983
12066
12096
12128
12182
12209
12227
12246
12275
12329
12357
12447
12523
12532
12628
12694
12746
12762
12772
12783
12833
12840
12847
12894
12898
12916
12931
12953
13007
13013
13089
13096
13179
13187
13261
13297
13314
13377
13382
13426
13467
13500
13506
13566
13577
13594
13599
13617
13644
13648
13686
13698
13755
13760
13792
13844
13855
13876
13915
13946
13958
14047
14057
14064
14069
14146
14161
14170
14195
14296
14354
14385
14462
14467
14479
14579
14628
14658
14699
14853
14885
14951
14978
14994
14996
15053
15096
15131
15521
15610
15640
15742
15753
15755
15764
15787
15837
15862
15887
15935
15937
15997
16024
16102
16114
16177
16189
16206
16234
16261
16263
16294
16349
16350
16446
16491
16497
16523
16537
16550
16589
16664
16760
16829
17023
17119
17164
17177
17180
17204
17250
17309
17433
17436
17462
17474
17484
17487
17503
17539
17559
17560
17605
17649
17690
17691
17692
17731
17758
17769
17882
17900
17905
17949
17995
18001
18005
18009
18017
18124
18137
18168
18187
18239
18251
18294
18297
18363
18449
18477
18561
18634
18654
18673
18736
18785
18798
18953
19010
19047
19065
19088
19102
19205
19243
19283
19379
19442
19518
19537
19565
19579
19590
19610
19784
19852
19856
19889
19904
19909
19947
19962
19970
TIME ELAPSED IN NANOSECONDS: 116103

