===========QuickSort Using First Item Pivot and Smallest Partition Size=============
5
48
54
87
99
152
165
206
269
323
343
345
427
464
466
485
514
582
593
602
656
668
727
742
816
818
825
840
848
940
944
959
978
987
1119
1134
1248
1277
1287
1355
1403
1423
1542
1594
1632
1657
1820
1841
1862
1864
1967
2119
2134
2167
2168
2216
2229
2282
2294
2304
2359
2413
2432
2457
2460
2484
2500
2508
2539
2614
2634
2689
2779
2799
2820
2893
2918
2994
3012
3261
3266
3309
3329
3349
3350
3374
3397
3410
3455
3546
3628
3636
3638
3642
3684
3700
3704
3746
3779
3826
3841
3846
3857
3892
3912
3979
4022
4178
4279
4354
4410
4438
4439
4446
4465
4476
4484
4531
4537
4593
4603
4633
4823
4943
4947
4960
4966
5001
5034
5059
5163
5172
5195
5262
5303
5551
5644
5694
5717
5726
5784
5822
5823
5828
5843
5870
5915
6032
6122
6131
6196
6316
6368
6393
6432
6456
6474
6498
6502
6587
6591
6650
6657
6666
6690
6740
6776
6831
6892
7008
7017
7097
7101
7111
7324
7333
7371
7418
7436
7448
7483
7489
7507
7534
7596
7636
7674
7715
7755
7833
7906
7919
7921
7923
7932
7967
8004
8071
8103
8175
8187
8221
8253
8255
8278
8290
8314
8317
8350
8432
8464
8501
8517
8525
8567
8583
8600
8612
8641
8662
8669
8733
8794
8795
8799
8930
8946
8956
8966
9048
9053
9068
9116
9256
9345
9349
9440
9518
9611
9665
9766
9769
9773
9786
9817
9822
9824
9838
9849
9888
9954
9993
10061
10088
10103
10133
10146
10181
10242
10263
10322
10369
10389
10420
10450
10464
10567
10608
10618
10640
10668
10710
10764
10930
10993
11012
11037
11038
11050
11351
11353
11355
11392
11436
11452
11455
11593
11608
11613
11705
11761
11769
11783
11786
11822
11853
11912
11935
11968
12014
12041
12225
12254
12287
12438
12530
12541
12585
12609
12704
12800
12822
12843
12900
12921
12939
12948
12955
12986
12999
13028
13088
13111
13205
13221
13293
13326
13358
13371
13390
13391
13397
13405
13497
13570
13604
13683
13726
13778
13792
13795
13824
13830
13843
13862
13893
13927
14034
14128
14193
14201
14274
14298
14344
14391
14429
14450
14452
14475
14521
14543
14561
14597
14602
14610
14670
14865
14872
14894
14944
14965
15092
15124
15131
15135
15159
15387
15433
15452
15499
15642
15653
15680
15690
15741
15749
15814
15832
15921
16032
16101
16112
16117
16122
16131
16139
16146
16165
16174
16266
16295
16304
16312
16330
16370
16396
16415
16421
16453
16473
16491
16575
16607
16686
16713
16841
16887
16950
17155
17188
17191
17195
17204
17254
17359
17371
17372
17393
17424
17443
17445
17447
17468
17523
17615
17719
17840
17870
17871
17930
17952
17985
17997
18032
18049
18151
18174
18177
18211
18235
18308
18310
18329
18332
18346
18397
18410
18415
18463
18477
18571
18584
18661
18690
18715
18800
18830
18860
18875
18900
18944
18948
18961
19001
19018
19165
19253
19319
19333
19356
19381
19401
19406
19424
19476
19492
19506
19531
19561
19674
19743
19747
19766
19888
19892
19918
19920
19944
19978
19990
TIME ELAPSED IN NANOSECONDS: 36201

===========QuickSort Using First Item and 50 Partition Size=============
5
48
54
87
99
152
165
206
269
323
343
345
427
464
466
485
514
582
593
602
656
668
727
742
816
818
825
840
848
940
944
959
978
987
1119
1134
1248
1277
1287
1355
1403
1423
1542
1594
1632
1657
1820
1841
1862
1864
1967
2119
2134
2167
2168
2216
2229
2282
2294
2304
2359
2413
2432
2457
2460
2484
2500
2508
2539
2614
2634
2689
2779
2799
2820
2893
2918
2994
3012
3261
3266
3309
3329
3349
3350
3374
3397
3410
3455
3546
3628
3636
3638
3642
3684
3700
3704
3746
3779
3826
3841
3846
3857
3892
3912
3979
4022
4178
4279
4354
4410
4438
4439
4446
4465
4476
4484
4531
4537
4593
4603
4633
4823
4943
4947
4960
4966
5001
5034
5059
5163
5172
5195
5262
5303
5551
5644
5694
5717
5726
5784
5822
5823
5828
5843
5870
5915
6032
6122
6131
6196
6316
6368
6393
6432
6456
6474
6498
6502
6587
6591
6650
6657
6666
6690
6740
6776
6831
6892
7008
7017
7097
7101
7111
7324
7333
7371
7418
7436
7448
7483
7489
7507
7534
7596
7636
7674
7715
7755
7833
7906
7919
7921
7923
7932
7967
8004
8071
8103
8175
8187
8221
8253
8255
8278
8290
8314
8317
8350
8432
8464
8501
8517
8525
8567
8583
8600
8612
8641
8662
8669
8733
8794
8795
8799
8930
8946
8956
8966
9048
9053
9068
9116
9256
9345
9349
9440
9518
9611
9665
9766
9769
9773
9786
9817
9822
9824
9838
9849
9888
9954
9993
10061
10088
10103
10133
10146
10181
10242
10263
10322
10369
10389
10420
10450
10464
10567
10608
10618
10640
10668
10710
10764
10930
10993
11012
11037
11038
11050
11351
11353
11355
11392
11436
11452
11455
11593
11608
11613
11705
11761
11769
11783
11786
11822
11853
11912
11935
11968
12014
12041
12225
12254
12287
12438
12530
12541
12585
12609
12704
12800
12822
12843
12900
12921
12939
12948
12955
12986
12999
13028
13088
13111
13205
13221
13293
13326
13358
13371
13390
13391
13397
13405
13497
13570
13604
13683
13726
13778
13792
13795
13824
13830
13843
13862
13893
13927
14034
14128
14193
14201
14274
14298
14344
14391
14429
14450
14452
14475
14521
14543
14561
14597
14602
14610
14670
14865
14872
14894
14944
14965
15092
15124
15131
15135
15159
15387
15433
15452
15499
15642
15653
15680
15690
15741
15749
15814
15832
15921
16032
16101
16112
16117
16122
16131
16139
16146
16165
16174
16266
16295
16304
16312
16330
16370
16396
16415
16421
16453
16473
16491
16575
16607
16686
16713
16841
16887
16950
17155
17188
17191
17195
17204
17254
17359
17371
17372
17393
17424
17443
17445
17447
17468
17523
17615
17719
17840
17870
17871
17930
17952
17985
17997
18032
18049
18151
18174
18177
18211
18235
18308
18310
18329
18332
18346
18397
18410
18415
18463
18477
18571
18584
18661
18690
18715
18800
18830
18860
18875
18900
18944
18948
18961
19001
19018
19165
19253
19319
19333
19356
19381
19401
19406
19424
19476
19492
19506
19531
19561
19674
19743
19747
19766
19888
19892
19918
19920
19944
19978
19990
TIME ELAPSED IN NANOSECONDS: 27182

===========QuickSort Using First Item and 100 Partition Size=============
5
48
54
87
99
152
165
206
269
323
343
345
427
464
466
485
514
582
593
602
656
668
727
742
816
818
825
840
848
940
944
959
978
987
1119
1134
1248
1277
1287
1355
1403
1423
1542
1594
1632
1657
1820
1841
1862
1864
1967
2119
2134
2167
2168
2216
2229
2282
2294
2304
2359
2413
2432
2457
2460
2484
2500
2508
2539
2614
2634
2689
2779
2799
2820
2893
2918
2994
3012
3261
3266
3309
3329
3349
3350
3374
3397
3410
3455
3546
3628
3636
3638
3642
3684
3700
3704
3746
3779
3826
3841
3846
3857
3892
3912
3979
4022
4178
4279
4354
4410
4438
4439
4446
4465
4476
4484
4531
4537
4593
4603
4633
4823
4943
4947
4960
4966
5001
5034
5059
5163
5172
5195
5262
5303
5551
5644
5694
5717
5726
5784
5822
5823
5828
5843
5870
5915
6032
6122
6131
6196
6316
6368
6393
6432
6456
6474
6498
6502
6587
6591
6650
6657
6666
6690
6740
6776
6831
6892
7008
7017
7097
7101
7111
7324
7333
7371
7418
7436
7448
7483
7489
7507
7534
7596
7636
7674
7715
7755
7833
7906
7919
7921
7923
7932
7967
8004
8071
8103
8175
8187
8221
8253
8255
8278
8290
8314
8317
8350
8432
8464
8501
8517
8525
8567
8583
8600
8612
8641
8662
8669
8733
8794
8795
8799
8930
8946
8956
8966
9048
9053
9068
9116
9256
9345
9349
9440
9518
9611
9665
9766
9769
9773
9786
9817
9822
9824
9838
9849
9888
9954
9993
10061
10088
10103
10133
10146
10181
10242
10263
10322
10369
10389
10420
10450
10464
10567
10608
10618
10640
10668
10710
10764
10930
10993
11012
11037
11038
11050
11351
11353
11355
11392
11436
11452
11455
11593
11608
11613
11705
11761
11769
11783
11786
11822
11853
11912
11935
11968
12014
12041
12225
12254
12287
12438
12530
12541
12585
12609
12704
12800
12822
12843
12900
12921
12939
12948
12955
12986
12999
13028
13088
13111
13205
13221
13293
13326
13358
13371
13390
13391
13397
13405
13497
13570
13604
13683
13726
13778
13792
13795
13824
13830
13843
13862
13893
13927
14034
14128
14193
14201
14274
14298
14344
14391
14429
14450
14452
14475
14521
14543
14561
14597
14602
14610
14670
14865
14872
14894
14944
14965
15092
15124
15131
15135
15159
15387
15433
15452
15499
15642
15653
15680
15690
15741
15749
15814
15832
15921
16032
16101
16112
16117
16122
16131
16139
16146
16165
16174
16266
16295
16304
16312
16330
16370
16396
16415
16421
16453
16473
16491
16575
16607
16686
16713
16841
16887
16950
17155
17188
17191
17195
17204
17254
17359
17371
17372
17393
17424
17443
17445
17447
17468
17523
17615
17719
17840
17870
17871
17930
17952
17985
17997
18032
18049
18151
18174
18177
18211
18235
18308
18310
18329
18332
18346
18397
18410
18415
18463
18477
18571
18584
18661
18690
18715
18800
18830
18860
18875
18900
18944
18948
18961
19001
19018
19165
19253
19319
19333
19356
19381
19401
19406
19424
19476
19492
19506
19531
19561
19674
19743
19747
19766
19888
19892
19918
19920
19944
19978
19990
TIME ELAPSED IN NANOSECONDS: 36332

===========QuickSort Using Median Item and Smallest Partition Size=============
5
48
54
87
99
152
165
206
269
323
343
345
427
464
466
485
514
582
593
602
656
668
727
742
816
818
825
840
848
940
944
959
978
987
1119
1134
1248
1277
1287
1355
1403
1423
1542
1594
1632
1657
1820
1841
1862
1864
1967
2119
2134
2167
2168
2216
2229
2282
2294
2304
2359
2413
2432
2457
2460
2484
2500
2508
2539
2614
2634
2689
2779
2799
2820
2893
2918
2994
3012
3261
3266
3309
3329
3349
3350
3374
3397
3410
3455
3546
3628
3636
3638
3642
3684
3700
3704
3746
3779
3826
3841
3846
3857
3892
3912
3979
4022
4178
4279
4354
4410
4438
4439
4446
4465
4476
4484
4531
4537
4593
4603
4633
4823
4943
4947
4960
4966
5001
5034
5059
5163
5172
5195
5262
5303
5551
5644
5694
5717
5726
5784
5822
5823
5828
5843
5870
5915
6032
6122
6131
6196
6316
6368
6393
6432
6456
6474
6498
6502
6587
6591
6650
6657
6666
6690
6740
6776
6831
6892
7008
7017
7097
7101
7111
7324
7333
7371
7418
7436
7448
7483
7489
7507
7534
7596
7636
7674
7715
7755
7833
7906
7919
7921
7923
7932
7967
8004
8071
8103
8175
8187
8221
8253
8255
8278
8290
8314
8317
8350
8432
8464
8501
8517
8525
8567
8583
8600
8612
8641
8662
8669
8733
8794
8795
8799
8930
8946
8956
8966
9048
9053
9068
9116
9256
9345
9349
9440
9518
9611
9665
9766
9769
9773
9786
9817
9822
9824
9838
9849
9888
9954
9993
10061
10088
10103
10133
10146
10181
10242
10263
10322
10369
10389
10420
10450
10464
10567
10608
10618
10640
10668
10710
10764
10930
10993
11012
11037
11038
11050
11351
11353
11355
11392
11436
11452
11455
11593
11608
11613
11705
11761
11769
11783
11786
11822
11853
11912
11935
11968
12014
12041
12225
12254
12287
12438
12530
12541
12585
12609
12704
12800
12822
12843
12900
12921
12939
12948
12955
12986
12999
13028
13088
13111
13205
13221
13293
13326
13358
13371
13390
13391
13397
13405
13497
13570
13604
13683
13726
13778
13792
13795
13824
13830
13843
13862
13893
13927
14034
14128
14193
14201
14274
14298
14344
14391
14429
14450
14452
14475
14521
14543
14561
14597
14602
14610
14670
14865
14872
14894
14944
14965
15092
15124
15131
15135
15159
15387
15433
15452
15499
15642
15653
15680
15690
15741
15749
15814
15832
15921
16032
16101
16112
16117
16122
16131
16139
16146
16165
16174
16266
16295
16304
16312
16330
16370
16396
16415
16421
16453
16473
16491
16575
16607
16686
16713
16841
16887
16950
17155
17188
17191
17195
17204
17254
17359
17371
17372
17393
17424
17443
17445
17447
17468
17523
17615
17719
17840
17870
17871
17930
17952
17985
17997
18032
18049
18151
18174
18177
18211
18235
18308
18310
18329
18332
18346
18397
18410
18415
18463
18477
18571
18584
18661
18690
18715
18800
18830
18860
18875
18900
18944
18948
18961
19001
19018
19165
19253
19319
19333
19356
19381
19401
19406
19424
19476
19492
19506
19531
19561
19674
19743
19747
19766
19888
19892
19918
19920
19944
19978
19990
TIME ELAPSED IN NANOSECONDS: 43492

===========HeapSort=============
5
48
54
87
99
152
165
206
269
323
343
345
427
464
466
485
514
582
593
602
656
668
727
742
816
818
825
840
848
940
944
959
978
987
1119
1134
1248
1277
1287
1355
1403
1423
1542
1594
1632
1657
1820
1841
1862
1864
1967
2119
2134
2167
2168
2216
2229
2282
2294
2304
2359
2413
2432
2457
2460
2484
2500
2508
2539
2614
2634
2689
2779
2799
2820
2893
2918
2994
3012
3261
3266
3309
3329
3349
3350
3374
3397
3410
3455
3546
3628
3636
3638
3642
3684
3700
3704
3746
3779
3826
3841
3846
3857
3892
3912
3979
4022
4178
4279
4354
4410
4438
4439
4446
4465
4476
4484
4531
4537
4593
4603
4633
4823
4943
4947
4960
4966
5001
5034
5059
5163
5172
5195
5262
5303
5551
5644
5694
5717
5726
5784
5822
5823
5828
5843
5870
5915
6032
6122
6131
6196
6316
6368
6393
6432
6456
6474
6498
6502
6587
6591
6650
6657
6666
6690
6740
6776
6831
6892
7008
7017
7097
7101
7111
7324
7333
7371
7418
7436
7448
7483
7489
7507
7534
7596
7636
7674
7715
7755
7833
7906
7919
7921
7923
7932
7967
8004
8071
8103
8175
8187
8221
8253
8255
8278
8290
8314
8317
8350
8432
8464
8501
8517
8525
8567
8583
8600
8612
8641
8662
8669
8733
8794
8795
8799
8930
8946
8956
8966
9048
9053
9068
9116
9256
9345
9349
9440
9518
9611
9665
9766
9769
9773
9786
9817
9822
9824
9838
9849
9888
9954
9993
10061
10088
10103
10133
10146
10181
10242
10263
10322
10369
10389
10420
10450
10464
10567
10608
10618
10640
10668
10710
10764
10930
10993
11012
11037
11038
11050
11351
11353
11355
11392
11436
11452
11455
11593
11608
11613
11705
11761
11769
11783
11786
11822
11853
11912
11935
11968
12014
12041
12225
12254
12287
12438
12530
12541
12585
12609
12704
12800
12822
12843
12900
12921
12939
12948
12955
12986
12999
13028
13088
13111
13205
13221
13293
13326
13358
13371
13390
13391
13397
13405
13497
13570
13604
13683
13726
13778
13792
13795
13824
13830
13843
13862
13893
13927
14034
14128
14193
14201
14274
14298
14344
14391
14429
14450
14452
14475
14521
14543
14561
14597
14602
14610
14670
14865
14872
14894
14944
14965
15092
15124
15131
15135
15159
15387
15433
15452
15499
15642
15653
15680
15690
15741
15749
15814
15832
15921
16032
16101
16112
16117
16122
16131
16139
16146
16165
16174
16266
16295
16304
16312
16330
16370
16396
16415
16421
16453
16473
16491
16575
16607
16686
16713
16841
16887
16950
17155
17188
17191
17195
17204
17254
17359
17371
17372
17393
17424
17443
17445
17447
17468
17523
17615
17719
17840
17870
17871
17930
17952
17985
17997
18032
18049
18151
18174
18177
18211
18235
18308
18310
18329
18332
18346
18397
18410
18415
18463
18477
18571
18584
18661
18690
18715
18800
18830
18860
18875
18900
18944
18948
18961
19001
19018
19165
19253
19319
19333
19356
19381
19401
19406
19424
19476
19492
19506
19531
19561
19674
19743
19747
19766
19888
19892
19918
19920
19944
19978
19990
TIME ELAPSED IN NANOSECONDS: 67061

