===========QuickSort Using First Item Pivot and Smallest Partition Size=============
1
2
6
29
31
57
64
91
94
99
107
120
125
126
132
139
157
182
188
189
221
228
239
242
243
261
268
282
283
292
311
314
316
322
323
329
340
344
352
354
363
374
376
379
393
394
395
399
405
420
428
436
437
454
479
494
515
518
534
536
539
549
557
565
567
582
603
627
637
642
662
670
675
679
689
691
694
700
709
723
724
725
730
734
752
756
757
761
776
780
807
813
816
826
827
840
841
844
849
867
870
874
881
888
901
927
928
959
973
975
976
977
983
989
995
997
1003
1019
1023
1032
1039
1040
1042
1054
1059
1063
1064
1066
1083
1089
1092
1105
1107
1118
1139
1144
1148
1150
1160
1170
1175
1186
1189
1193
1196
1199
1215
1219
1224
1226
1228
1230
1243
1244
1277
1278
1280
1285
1300
1309
1310
1328
1331
1342
1349
1356
1368
1374
1375
1377
1378
1410
1435
1441
1445
1479
1490
1501
1507
1519
1529
1532
1537
1543
1551
1566
1591
1597
1615
1627
1638
1664
1675
1676
1706
1708
1713
1715
1721
1724
1735
1784
1791
1804
1818
1832
1860
1862
1864
1868
1883
1887
1899
1917
1928
1929
1933
1952
1961
1973
1980
1991
1999
2021
2039
2055
2063
2067
2068
2095
2106
2139
2151
2156
2160
2161
2169
2180
2199
2201
2209
2212
2220
2221
2229
2230
2241
2245
2250
2266
2271
2274
2281
2292
2293
2299
2304
2327
2332
2337
2353
2365
2367
2375
2430
2442
2448
2451
2466
2471
2472
2478
2490
2507
2522
2535
2542
2545
2556
2562
2563
2568
2590
2592
2611
2616
2628
2641
2660
2667
2669
2671
2687
2691
2705
2706
2707
2709
2716
2721
2757
2776
2784
2787
2820
2822
2826
2834
2837
2841
2844
2845
2846
2850
2851
2860
2863
2865
2870
2873
2885
2887
2890
2893
2908
2914
2916
2928
2967
2972
2993
3002
3013
3022
3034
3037
3039
3041
3057
3070
3080
3084
3086
3111
3117
3133
3144
3153
3172
3176
3265
3266
3281
3312
3313
3318
3322
3339
3340
3351
3369
3375
3384
3403
3406
3412
3432
3433
3435
3437
3444
3476
3482
3515
3526
3534
3547
3550
3552
3562
3578
3581
3583
3585
3594
3601
3604
3606
3662
3667
3676
3686
3690
3709
3730
3742
3758
3775
3786
3790
3799
3809
3832
3836
3872
3879
3888
3923
3938
3939
3944
3945
3980
3981
3990
3993
4000
4021
4025
4040
4056
4071
4084
4092
4110
4114
4116
4120
4127
4138
4139
4179
4194
4201
4209
4252
4253
4259
4267
4293
4310
4340
4344
4361
4378
4380
4382
4385
4398
4406
4415
4418
4432
4493
4540
4543
4550
4551
4552
4554
4563
4570
4586
4588
4594
4608
4610
4615
4629
4632
4633
4643
4650
4668
4686
4692
4712
4717
4728
4732
4733
4734
4742
4748
4761
4766
4767
4792
4798
4811
4840
4847
4858
4879
4882
4883
4884
4904
4913
4925
4931
4946
4950
4951
4968
4969
4982
4985
5007
5011
5031
5041
5046
5047
5061
5070
5073
5077
5078
5085
5129
5143
5160
5161
5175
5176
5183
5213
5228
5241
5281
5301
5305
5311
5317
5348
5358
5373
5375
5376
5379
5385
5389
5400
5409
5416
5418
5419
5433
5437
5447
5467
5476
5479
5480
5506
5512
5520
5532
5541
5551
5553
5562
5570
5601
5613
5645
5663
5675
5687
5688
5689
5706
5709
5722
5729
5736
5753
5766
5775
5784
5803
5834
5835
5843
5856
5859
5863
5869
5877
5883
5889
5892
5907
5927
5944
5963
5984
5989
6002
6033
6072
6073
6075
6082
6086
6088
6092
6103
6116
6129
6138
6139
6143
6169
6171
6187
6205
6207
6210
6213
6216
6240
6247
6251
6255
6272
6286
6310
6311
6326
6347
6366
6387
6390
6394
6396
6401
6439
6442
6463
6472
6488
6495
6499
6510
6515
6525
6533
6560
6575
6579
6601
6625
6627
6636
6641
6653
6668
6680
6687
6693
6696
6698
6711
6717
6735
6736
6743
6744
6746
6792
6798
6801
6805
6815
6818
6830
6841
6850
6861
6877
6890
6893
6896
6897
6898
6902
6908
6936
6939
6949
6966
6979
6986
6992
7005
7027
7035
7042
7049
7058
7062
7065
7082
7106
7131
7162
7166
7167
7168
7172
7176
7183
7185
7195
7197
7211
7239
7243
7248
7253
7254
7263
7270
7293
7294
7304
7325
7327
7350
7359
7361
7366
7383
7396
7398
7399
7422
7438
7441
7444
7445
7447
7463
7471
7516
7522
7528
7529
7542
7550
7553
7554
7558
7584
7585
7597
7603
7604
7606
7614
7624
7635
7647
7674
7681
7687
7692
7695
7700
7709
7714
7715
7716
7719
7723
7736
7739
7747
7752
7764
7783
7794
7807
7815
7819
7820
7826
7829
7838
7845
7859
7880
7885
7886
7919
7939
7959
7962
7973
7976
7990
8022
8026
8034
8045
8050
8056
8063
8072
8082
8095
8123
8150
8170
8173
8176
8181
8202
8205
8215
8218
8225
8235
8260
8266
8280
8283
8286
8288
8291
8292
8307
8316
8326
8341
8342
8373
8378
8389
8398
8414
8421
8445
8446
8463
8479
8481
8484
8496
8498
8501
8512
8528
8538
8539
8550
8571
8601
8607
8633
8643
8648
8675
8679
8698
8700
8714
8726
8738
8745
8763
8767
8799
8805
8815
8832
8840
8857
8862
8887
8889
8894
8900
8904
8907
8909
8914
8926
8935
8936
8954
8975
8979
8999
9000
9058
9061
9074
9075
9083
9094
9128
9136
9138
9143
9152
9161
9165
9166
9176
9193
9213
9222
9224
9239
9240
9255
9257
9272
9273
9276
9277
9279
9300
9310
9316
9317
9327
9330
9346
9351
9356
9357
9370
9374
9375
9386
9416
9449
9450
9458
9460
9470
9473
9474
9480
9481
9485
9501
9505
9514
9521
9537
9562
9575
9583
9584
9594
9595
9606
9613
9615
9617
9620
9647
9650
9668
9682
9685
9695
9739
9742
9757
9758
9760
9781
9800
9808
9819
9824
9837
9854
9856
9878
9881
9900
9901
9902
9903
9905
9906
9910
9913
9922
9930
9937
9940
9955
9970
9971
9988
9990
9996
9998
10003
10010
10012
10017
10025
10027
10031
10032
10052
10076
10086
10106
10109
10139
10147
10159
10167
10193
10208
10214
10226
10235
10247
10275
10289
10302
10313
10325
10332
10339
10349
10353
10368
10394
10397
10400
10423
10427
10432
10441
10463
10499
10502
10508
10509
10528
10537
10549
10555
10556
10565
10584
10595
10601
10619
10632
10637
10643
10644
10645
10652
10669
10682
10686
10701
10720
10735
10738
10746
10747
10751
10756
10760
10771
10778
10802
10804
10812
10842
10859
10861
10862
10882
10891
10901
10906
10909
10913
10931
10937
10944
10946
10948
10950
10957
10961
10966
10974
10985
11001
11008
11019
11025
11026
11030
11034
11039
11045
11059
11067
11081
11088
11091
11099
11109
11119
11125
11128
11136
11144
11163
11173
11175
11182
11202
11213
11230
11232
11247
11249
11253
11259
11264
11267
11297
11316
11324
11359
11365
11370
11373
11385
11387
11388
11410
11416
11422
11433
11440
11469
11489
11514
11526
11540
11555
11562
11572
11574
11575
11606
11615
11625
11626
11630
11631
11668
11676
11686
11711
11716
11718
11721
11722
11723
11741
11751
11767
11769
11772
11788
11807
11830
11836
11841
11867
11873
11877
11909
11914
11917
11928
11932
11941
11991
11997
12002
12004
12012
12013
12019
12029
12035
12038
12059
12064
12065
12073
12074
12076
12077
12086
12101
12108
12109
12112
12132
12151
12159
12174
12178
12183
12185
12187
12190
12222
12239
12241
12284
12289
12290
12299
12308
12310
12319
12328
12331
12332
12335
12345
12349
12378
12385
12393
12397
12401
12403
12406
12430
12439
12445
12447
12458
12464
12476
12488
12496
12507
12518
12519
12535
12536
12543
12555
12563
12564
12565
12568
12576
12577
12641
12657
12658
12661
12663
12664
12671
12682
12691
12692
12722
12725
12754
12758
12787
12794
12805
12810
12818
12822
12835
12840
12850
12853
12867
12874
12877
12897
12901
12911
12942
12956
12959
12975
12984
12989
13003
13023
13032
13040
13041
13044
13045
13095
13099
13107
13130
13135
13143
13155
13163
13166
13195
13201
13207
13236
13256
13267
13269
13295
13307
13337
13341
13345
13346
13361
13362
13373
13376
13383
13393
13396
13412
13431
13434
13435
13442
13457
13465
13481
13499
13500
13502
13520
13535
13541
13548
13567
13572
13575
13578
13582
13585
13594
13596
13606
13612
13616
13619
13626
13632
13642
13644
13656
13668
13681
13688
13690
13704
13712
13727
13758
13768
13793
13795
13798
13805
13812
13815
13848
13863
13866
13874
13876
13878
13888
13901
13903
13914
13923
13924
13929
13936
13960
13968
13971
14032
14039
14052
14056
14078
14084
14117
14147
14205
14212
14218
14221
14245
14248
14258
14259
14263
14269
14278
14281
14283
14286
14293
14295
14305
14327
14343
14344
14352
14367
14374
14375
14388
14391
14397
14401
14402
14424
14439
14452
14489
14494
14549
14558
14583
14615
14631
14638
14642
14673
14693
14712
14716
14718
14740
14741
14743
14774
14786
14798
14806
14809
14831
14837
14841
14845
14852
14858
14860
14877
14901
14916
14936
14944
14954
14957
14960
14961
14999
15009
15014
15016
15024
15026
15030
15043
15049
15070
15074
15075
15084
15095
15106
15118
15124
15148
15151
15154
15166
15168
15175
15176
15181
15194
15201
15252
15263
15267
15278
15279
15286
15293
15307
15311
15348
15353
15363
15385
15400
15408
15425
15443
15448
15450
15456
15471
15474
15479
15486
15495
15502
15503
15533
15577
15578
15582
15583
15584
15588
15606
15611
15617
15638
15641
15672
15675
15678
15681
15682
15702
15715
15721
15725
15741
15750
15753
15764
15767
15768
15773
15777
15778
15782
15786
15794
15805
15808
15834
15847
15848
15869
15877
15915
15945
15947
15961
15976
15977
15980
15993
15996
15997
16007
16008
16018
16024
16025
16041
16050
16081
16084
16091
16094
16109
16111
16126
16139
16143
16150
16164
16173
16176
16177
16180
16186
16191
16207
16234
16236
16241
16255
16293
16300
16321
16323
16325
16333
16336
16386
16389
16399
16402
16408
16420
16446
16448
16468
16470
16474
16478
16487
16488
16504
16516
16517
16518
16524
16546
16569
16578
16593
16602
16606
16618
16631
16637
16638
16657
16660
16667
16671
16672
16675
16679
16682
16690
16746
16784
16795
16799
16828
16847
16852
16865
16868
16876
16877
16881
16900
16907
16916
16917
16930
16932
16936
16940
16945
16955
16958
16964
16970
16971
16972
16994
17002
17005
17015
17019
17023
17026
17032
17044
17048
17062
17066
17077
17079
17088
17098
17126
17133
17134
17151
17161
17168
17180
17189
17208
17213
17229
17233
17234
17246
17270
17291
17311
17327
17340
17342
17348
17361
17367
17384
17420
17426
17441
17450
17454
17455
17458
17467
17470
17489
17490
17508
17518
17519
17527
17535
17561
17563
17566
17570
17599
17611
17612
17616
17647
17655
17692
17707
17733
17745
17748
17761
17780
17784
17787
17813
17820
17825
17829
17838
17854
17861
17864
17865
17868
17879
17896
17909
17915
17927
17930
17948
17951
17961
17966
17974
17992
18004
18005
18008
18021
18023
18029
18030
18041
18042
18044
18048
18113
18118
18123
18133
18138
18140
18147
18166
18169
18193
18219
18221
18249
18266
18271
18276
18291
18307
18317
18327
18329
18332
18338
18364
18367
18368
18386
18389
18397
18413
18416
18433
18435
18446
18458
18460
18473
18474
18477
18505
18507
18508
18509
18527
18528
18536
18547
18555
18560
18567
18570
18598
18605
18612
18618
18626
18643
18651
18653
18655
18662
18668
18674
18677
18680
18698
18705
18709
18711
18712
18733
18749
18754
18762
18767
18786
18790
18792
18795
18797
18800
18802
18808
18815
18817
18818
18828
18835
18848
18877
18892
18919
18937
18951
19002
19028
19042
19057
19060
19071
19074
19077
19083
19089
19095
19112
19114
19149
19164
19166
19167
19172
19173
19191
19204
19207
19216
19217
19225
19247
19261
19262
19264
19270
19275
19296
19309
19320
19336
19339
19345
19412
19415
19427
19428
19430
19431
19439
19452
19459
19476
19507
19523
19526
19530
19532
19534
19535
19540
19541
19552
19572
19578
19583
19603
19610
19613
19616
19632
19636
19650
19654
19657
19660
19664
19665
19691
19710
19720
19733
19737
19740
19741
19745
19757
19765
19793
19800
19826
19843
19845
19847
19854
19858
19872
19887
19888
19902
19903
19908
19911
19915
19937
19953
19954
19962
19987
19997
TIME ELAPSED IN NANOSECONDS: 333191

===========QuickSort Using First Item and 50 Partition Size=============
1
2
6
29
31
57
64
91
94
99
107
120
125
126
132
139
157
182
188
189
221
228
239
242
243
261
268
282
283
292
311
314
316
322
323
329
340
344
352
354
363
374
376
379
393
394
395
399
405
420
428
436
437
454
479
494
515
518
534
536
539
549
557
565
567
582
603
627
637
642
662
670
675
679
689
691
694
700
709
723
724
725
730
734
752
756
757
761
776
780
807
813
816
826
827
840
841
844
849
867
870
874
881
888
901
927
928
959
973
975
976
977
983
989
995
997
1003
1019
1023
1032
1039
1040
1042
1054
1059
1063
1064
1066
1083
1089
1092
1105
1107
1118
1139
1144
1148
1150
1160
1170
1175
1186
1189
1193
1196
1199
1215
1219
1224
1226
1228
1230
1243
1244
1277
1278
1280
1285
1300
1309
1310
1328
1331
1342
1349
1356
1368
1374
1375
1377
1378
1410
1435
1441
1445
1479
1490
1501
1507
1519
1529
1532
1537
1543
1551
1566
1591
1597
1615
1627
1638
1664
1675
1676
1706
1708
1713
1715
1721
1724
1735
1784
1791
1804
1818
1832
1860
1862
1864
1868
1883
1887
1899
1917
1928
1929
1933
1952
1961
1973
1980
1991
1999
2021
2039
2055
2063
2067
2068
2095
2106
2139
2151
2156
2160
2161
2169
2180
2199
2201
2209
2212
2220
2221
2229
2230
2241
2245
2250
2266
2271
2274
2281
2292
2293
2299
2304
2327
2332
2337
2353
2365
2367
2375
2430
2442
2448
2451
2466
2471
2472
2478
2490
2507
2522
2535
2542
2545
2556
2562
2563
2568
2590
2592
2611
2616
2628
2641
2660
2667
2669
2671
2687
2691
2705
2706
2707
2709
2716
2721
2757
2776
2784
2787
2820
2822
2826
2834
2837
2841
2844
2845
2846
2850
2851
2860
2863
2865
2870
2873
2885
2887
2890
2893
2908
2914
2916
2928
2967
2972
2993
3002
3013
3022
3034
3037
3039
3041
3057
3070
3080
3084
3086
3111
3117
3133
3144
3153
3172
3176
3265
3266
3281
3312
3313
3318
3322
3339
3340
3351
3369
3375
3384
3403
3406
3412
3432
3433
3435
3437
3444
3476
3482
3515
3526
3534
3547
3550
3552
3562
3578
3581
3583
3585
3594
3601
3604
3606
3662
3667
3676
3686
3690
3709
3730
3742
3758
3775
3786
3790
3799
3809
3832
3836
3872
3879
3888
3923
3938
3939
3944
3945
3980
3981
3990
3993
4000
4021
4025
4040
4056
4071
4084
4092
4110
4114
4116
4120
4127
4138
4139
4179
4194
4201
4209
4252
4253
4259
4267
4293
4310
4340
4344
4361
4378
4380
4382
4385
4398
4406
4415
4418
4432
4493
4540
4543
4550
4551
4552
4554
4563
4570
4586
4588
4594
4608
4610
4615
4629
4632
4633
4643
4650
4668
4686
4692
4712
4717
4728
4732
4733
4734
4742
4748
4761
4766
4767
4792
4798
4811
4840
4847
4858
4879
4882
4883
4884
4904
4913
4925
4931
4946
4950
4951
4968
4969
4982
4985
5007
5011
5031
5041
5046
5047
5061
5070
5073
5077
5078
5085
5129
5143
5160
5161
5175
5176
5183
5213
5228
5241
5281
5301
5305
5311
5317
5348
5358
5373
5375
5376
5379
5385
5389
5400
5409
5416
5418
5419
5433
5437
5447
5467
5476
5479
5480
5506
5512
5520
5532
5541
5551
5553
5562
5570
5601
5613
5645
5663
5675
5687
5688
5689
5706
5709
5722
5729
5736
5753
5766
5775
5784
5803
5834
5835
5843
5856
5859
5863
5869
5877
5883
5889
5892
5907
5927
5944
5963
5984
5989
6002
6033
6072
6073
6075
6082
6086
6088
6092
6103
6116
6129
6138
6139
6143
6169
6171
6187
6205
6207
6210
6213
6216
6240
6247
6251
6255
6272
6286
6310
6311
6326
6347
6366
6387
6390
6394
6396
6401
6439
6442
6463
6472
6488
6495
6499
6510
6515
6525
6533
6560
6575
6579
6601
6625
6627
6636
6641
6653
6668
6680
6687
6693
6696
6698
6711
6717
6735
6736
6743
6744
6746
6792
6798
6801
6805
6815
6818
6830
6841
6850
6861
6877
6890
6893
6896
6897
6898
6902
6908
6936
6939
6949
6966
6979
6986
6992
7005
7027
7035
7042
7049
7058
7062
7065
7082
7106
7131
7162
7166
7167
7168
7172
7176
7183
7185
7195
7197
7211
7239
7243
7248
7253
7254
7263
7270
7293
7294
7304
7325
7327
7350
7359
7361
7366
7383
7396
7398
7399
7422
7438
7441
7444
7445
7447
7463
7471
7516
7522
7528
7529
7542
7550
7553
7554
7558
7584
7585
7597
7603
7604
7606
7614
7624
7635
7647
7674
7681
7687
7692
7695
7700
7709
7714
7715
7716
7719
7723
7736
7739
7747
7752
7764
7783
7794
7807
7815
7819
7820
7826
7829
7838
7845
7859
7880
7885
7886
7919
7939
7959
7962
7973
7976
7990
8022
8026
8034
8045
8050
8056
8063
8072
8082
8095
8123
8150
8170
8173
8176
8181
8202
8205
8215
8218
8225
8235
8260
8266
8280
8283
8286
8288
8291
8292
8307
8316
8326
8341
8342
8373
8378
8389
8398
8414
8421
8445
8446
8463
8479
8481
8484
8496
8498
8501
8512
8528
8538
8539
8550
8571
8601
8607
8633
8643
8648
8675
8679
8698
8700
8714
8726
8738
8745
8763
8767
8799
8805
8815
8832
8840
8857
8862
8887
8889
8894
8900
8904
8907
8909
8914
8926
8935
8936
8954
8975
8979
8999
9000
9058
9061
9074
9075
9083
9094
9128
9136
9138
9143
9152
9161
9165
9166
9176
9193
9213
9222
9224
9239
9240
9255
9257
9272
9273
9276
9277
9279
9300
9310
9316
9317
9327
9330
9346
9351
9356
9357
9370
9374
9375
9386
9416
9449
9450
9458
9460
9470
9473
9474
9480
9481
9485
9501
9505
9514
9521
9537
9562
9575
9583
9584
9594
9595
9606
9613
9615
9617
9620
9647
9650
9668
9682
9685
9695
9739
9742
9757
9758
9760
9781
9800
9808
9819
9824
9837
9854
9856
9878
9881
9900
9901
9902
9903
9905
9906
9910
9913
9922
9930
9937
9940
9955
9970
9971
9988
9990
9996
9998
10003
10010
10012
10017
10025
10027
10031
10032
10052
10076
10086
10106
10109
10139
10147
10159
10167
10193
10208
10214
10226
10235
10247
10275
10289
10302
10313
10325
10332
10339
10349
10353
10368
10394
10397
10400
10423
10427
10432
10441
10463
10499
10502
10508
10509
10528
10537
10549
10555
10556
10565
10584
10595
10601
10619
10632
10637
10643
10644
10645
10652
10669
10682
10686
10701
10720
10735
10738
10746
10747
10751
10756
10760
10771
10778
10802
10804
10812
10842
10859
10861
10862
10882
10891
10901
10906
10909
10913
10931
10937
10944
10946
10948
10950
10957
10961
10966
10974
10985
11001
11008
11019
11025
11026
11030
11034
11039
11045
11059
11067
11081
11088
11091
11099
11109
11119
11125
11128
11136
11144
11163
11173
11175
11182
11202
11213
11230
11232
11247
11249
11253
11259
11264
11267
11297
11316
11324
11359
11365
11370
11373
11385
11387
11388
11410
11416
11422
11433
11440
11469
11489
11514
11526
11540
11555
11562
11572
11574
11575
11606
11615
11625
11626
11630
11631
11668
11676
11686
11711
11716
11718
11721
11722
11723
11741
11751
11767
11769
11772
11788
11807
11830
11836
11841
11867
11873
11877
11909
11914
11917
11928
11932
11941
11991
11997
12002
12004
12012
12013
12019
12029
12035
12038
12059
12064
12065
12073
12074
12076
12077
12086
12101
12108
12109
12112
12132
12151
12159
12174
12178
12183
12185
12187
12190
12222
12239
12241
12284
12289
12290
12299
12308
12310
12319
12328
12331
12332
12335
12345
12349
12378
12385
12393
12397
12401
12403
12406
12430
12439
12445
12447
12458
12464
12476
12488
12496
12507
12518
12519
12535
12536
12543
12555
12563
12564
12565
12568
12576
12577
12641
12657
12658
12661
12663
12664
12671
12682
12691
12692
12722
12725
12754
12758
12787
12794
12805
12810
12818
12822
12835
12840
12850
12853
12867
12874
12877
12897
12901
12911
12942
12956
12959
12975
12984
12989
13003
13023
13032
13040
13041
13044
13045
13095
13099
13107
13130
13135
13143
13155
13163
13166
13195
13201
13207
13236
13256
13267
13269
13295
13307
13337
13341
13345
13346
13361
13362
13373
13376
13383
13393
13396
13412
13431
13434
13435
13442
13457
13465
13481
13499
13500
13502
13520
13535
13541
13548
13567
13572
13575
13578
13582
13585
13594
13596
13606
13612
13616
13619
13626
13632
13642
13644
13656
13668
13681
13688
13690
13704
13712
13727
13758
13768
13793
13795
13798
13805
13812
13815
13848
13863
13866
13874
13876
13878
13888
13901
13903
13914
13923
13924
13929
13936
13960
13968
13971
14032
14039
14052
14056
14078
14084
14117
14147
14205
14212
14218
14221
14245
14248
14258
14259
14263
14269
14278
14281
14283
14286
14293
14295
14305
14327
14343
14344
14352
14367
14374
14375
14388
14391
14397
14401
14402
14424
14439
14452
14489
14494
14549
14558
14583
14615
14631
14638
14642
14673
14693
14712
14716
14718
14740
14741
14743
14774
14786
14798
14806
14809
14831
14837
14841
14845
14852
14858
14860
14877
14901
14916
14936
14944
14954
14957
14960
14961
14999
15009
15014
15016
15024
15026
15030
15043
15049
15070
15074
15075
15084
15095
15106
15118
15124
15148
15151
15154
15166
15168
15175
15176
15181
15194
15201
15252
15263
15267
15278
15279
15286
15293
15307
15311
15348
15353
15363
15385
15400
15408
15425
15443
15448
15450
15456
15471
15474
15479
15486
15495
15502
15503
15533
15577
15578
15582
15583
15584
15588
15606
15611
15617
15638
15641
15672
15675
15678
15681
15682
15702
15715
15721
15725
15741
15750
15753
15764
15767
15768
15773
15777
15778
15782
15786
15794
15805
15808
15834
15847
15848
15869
15877
15915
15945
15947
15961
15976
15977
15980
15993
15996
15997
16007
16008
16018
16024
16025
16041
16050
16081
16084
16091
16094
16109
16111
16126
16139
16143
16150
16164
16173
16176
16177
16180
16186
16191
16207
16234
16236
16241
16255
16293
16300
16321
16323
16325
16333
16336
16386
16389
16399
16402
16408
16420
16446
16448
16468
16470
16474
16478
16487
16488
16504
16516
16517
16518
16524
16546
16569
16578
16593
16602
16606
16618
16631
16637
16638
16657
16660
16667
16671
16672
16675
16679
16682
16690
16746
16784
16795
16799
16828
16847
16852
16865
16868
16876
16877
16881
16900
16907
16916
16917
16930
16932
16936
16940
16945
16955
16958
16964
16970
16971
16972
16994
17002
17005
17015
17019
17023
17026
17032
17044
17048
17062
17066
17077
17079
17088
17098
17126
17133
17134
17151
17161
17168
17180
17189
17208
17213
17229
17233
17234
17246
17270
17291
17311
17327
17340
17342
17348
17361
17367
17384
17420
17426
17441
17450
17454
17455
17458
17467
17470
17489
17490
17508
17518
17519
17527
17535
17561
17563
17566
17570
17599
17611
17612
17616
17647
17655
17692
17707
17733
17745
17748
17761
17780
17784
17787
17813
17820
17825
17829
17838
17854
17861
17864
17865
17868
17879
17896
17909
17915
17927
17930
17948
17951
17961
17966
17974
17992
18004
18005
18008
18021
18023
18029
18030
18041
18042
18044
18048
18113
18118
18123
18133
18138
18140
18147
18166
18169
18193
18219
18221
18249
18266
18271
18276
18291
18307
18317
18327
18329
18332
18338
18364
18367
18368
18386
18389
18397
18413
18416
18433
18435
18446
18458
18460
18473
18474
18477
18505
18507
18508
18509
18527
18528
18536
18547
18555
18560
18567
18570
18598
18605
18612
18618
18626
18643
18651
18653
18655
18662
18668
18674
18677
18680
18698
18705
18709
18711
18712
18733
18749
18754
18762
18767
18786
18790
18792
18795
18797
18800
18802
18808
18815
18817
18818
18828
18835
18848
18877
18892
18919
18937
18951
19002
19028
19042
19057
19060
19071
19074
19077
19083
19089
19095
19112
19114
19149
19164
19166
19167
19172
19173
19191
19204
19207
19216
19217
19225
19247
19261
19262
19264
19270
19275
19296
19309
19320
19336
19339
19345
19412
19415
19427
19428
19430
19431
19439
19452
19459
19476
19507
19523
19526
19530
19532
19534
19535
19540
19541
19552
19572
19578
19583
19603
19610
19613
19616
19632
19636
19650
19654
19657
19660
19664
19665
19691
19710
19720
19733
19737
19740
19741
19745
19757
19765
19793
19800
19826
19843
19845
19847
19854
19858
19872
19887
19888
19902
19903
19908
19911
19915
19937
19953
19954
19962
19987
19997
TIME ELAPSED IN NANOSECONDS: 309905

===========QuickSort Using First Item and 100 Partition Size=============
1
2
6
29
31
57
64
91
94
99
107
120
125
126
132
139
157
182
188
189
221
228
239
242
243
261
268
282
283
292
311
314
316
322
323
329
340
344
352
354
363
374
376
379
393
394
395
399
405
420
428
436
437
454
479
494
515
518
534
536
539
549
557
565
567
582
603
627
637
642
662
670
675
679
689
691
694
700
709
723
724
725
730
734
752
756
757
761
776
780
807
813
816
826
827
840
841
844
849
867
870
874
881
888
901
927
928
959
973
975
976
977
983
989
995
997
1003
1019
1023
1032
1039
1040
1042
1054
1059
1063
1064
1066
1083
1089
1092
1105
1107
1118
1139
1144
1148
1150
1160
1170
1175
1186
1189
1193
1196
1199
1215
1219
1224
1226
1228
1230
1243
1244
1277
1278
1280
1285
1300
1309
1310
1328
1331
1342
1349
1356
1368
1374
1375
1377
1378
1410
1435
1441
1445
1479
1490
1501
1507
1519
1529
1532
1537
1543
1551
1566
1591
1597
1615
1627
1638
1664
1675
1676
1706
1708
1713
1715
1721
1724
1735
1784
1791
1804
1818
1832
1860
1862
1864
1868
1883
1887
1899
1917
1928
1929
1933
1952
1961
1973
1980
1991
1999
2021
2039
2055
2063
2067
2068
2095
2106
2139
2151
2156
2160
2161
2169
2180
2199
2201
2209
2212
2220
2221
2229
2230
2241
2245
2250
2266
2271
2274
2281
2292
2293
2299
2304
2327
2332
2337
2353
2365
2367
2375
2430
2442
2448
2451
2466
2471
2472
2478
2490
2507
2522
2535
2542
2545
2556
2562
2563
2568
2590
2592
2611
2616
2628
2641
2660
2667
2669
2671
2687
2691
2705
2706
2707
2709
2716
2721
2757
2776
2784
2787
2820
2822
2826
2834
2837
2841
2844
2845
2846
2850
2851
2860
2863
2865
2870
2873
2885
2887
2890
2893
2908
2914
2916
2928
2967
2972
2993
3002
3013
3022
3034
3037
3039
3041
3057
3070
3080
3084
3086
3111
3117
3133
3144
3153
3172
3176
3265
3266
3281
3312
3313
3318
3322
3339
3340
3351
3369
3375
3384
3403
3406
3412
3432
3433
3435
3437
3444
3476
3482
3515
3526
3534
3547
3550
3552
3562
3578
3581
3583
3585
3594
3601
3604
3606
3662
3667
3676
3686
3690
3709
3730
3742
3758
3775
3786
3790
3799
3809
3832
3836
3872
3879
3888
3923
3938
3939
3944
3945
3980
3981
3990
3993
4000
4021
4025
4040
4056
4071
4084
4092
4110
4114
4116
4120
4127
4138
4139
4179
4194
4201
4209
4252
4253
4259
4267
4293
4310
4340
4344
4361
4378
4380
4382
4385
4398
4406
4415
4418
4432
4493
4540
4543
4550
4551
4552
4554
4563
4570
4586
4588
4594
4608
4610
4615
4629
4632
4633
4643
4650
4668
4686
4692
4712
4717
4728
4732
4733
4734
4742
4748
4761
4766
4767
4792
4798
4811
4840
4847
4858
4879
4882
4883
4884
4904
4913
4925
4931
4946
4950
4951
4968
4969
4982
4985
5007
5011
5031
5041
5046
5047
5061
5070
5073
5077
5078
5085
5129
5143
5160
5161
5175
5176
5183
5213
5228
5241
5281
5301
5305
5311
5317
5348
5358
5373
5375
5376
5379
5385
5389
5400
5409
5416
5418
5419
5433
5437
5447
5467
5476
5479
5480
5506
5512
5520
5532
5541
5551
5553
5562
5570
5601
5613
5645
5663
5675
5687
5688
5689
5706
5709
5722
5729
5736
5753
5766
5775
5784
5803
5834
5835
5843
5856
5859
5863
5869
5877
5883
5889
5892
5907
5927
5944
5963
5984
5989
6002
6033
6072
6073
6075
6082
6086
6088
6092
6103
6116
6129
6138
6139
6143
6169
6171
6187
6205
6207
6210
6213
6216
6240
6247
6251
6255
6272
6286
6310
6311
6326
6347
6366
6387
6390
6394
6396
6401
6439
6442
6463
6472
6488
6495
6499
6510
6515
6525
6533
6560
6575
6579
6601
6625
6627
6636
6641
6653
6668
6680
6687
6693
6696
6698
6711
6717
6735
6736
6743
6744
6746
6792
6798
6801
6805
6815
6818
6830
6841
6850
6861
6877
6890
6893
6896
6897
6898
6902
6908
6936
6939
6949
6966
6979
6986
6992
7005
7027
7035
7042
7049
7058
7062
7065
7082
7106
7131
7162
7166
7167
7168
7172
7176
7183
7185
7195
7197
7211
7239
7243
7248
7253
7254
7263
7270
7293
7294
7304
7325
7327
7350
7359
7361
7366
7383
7396
7398
7399
7422
7438
7441
7444
7445
7447
7463
7471
7516
7522
7528
7529
7542
7550
7553
7554
7558
7584
7585
7597
7603
7604
7606
7614
7624
7635
7647
7674
7681
7687
7692
7695
7700
7709
7714
7715
7716
7719
7723
7736
7739
7747
7752
7764
7783
7794
7807
7815
7819
7820
7826
7829
7838
7845
7859
7880
7885
7886
7919
7939
7959
7962
7973
7976
7990
8022
8026
8034
8045
8050
8056
8063
8072
8082
8095
8123
8150
8170
8173
8176
8181
8202
8205
8215
8218
8225
8235
8260
8266
8280
8283
8286
8288
8291
8292
8307
8316
8326
8341
8342
8373
8378
8389
8398
8414
8421
8445
8446
8463
8479
8481
8484
8496
8498
8501
8512
8528
8538
8539
8550
8571
8601
8607
8633
8643
8648
8675
8679
8698
8700
8714
8726
8738
8745
8763
8767
8799
8805
8815
8832
8840
8857
8862
8887
8889
8894
8900
8904
8907
8909
8914
8926
8935
8936
8954
8975
8979
8999
9000
9058
9061
9074
9075
9083
9094
9128
9136
9138
9143
9152
9161
9165
9166
9176
9193
9213
9222
9224
9239
9240
9255
9257
9272
9273
9276
9277
9279
9300
9310
9316
9317
9327
9330
9346
9351
9356
9357
9370
9374
9375
9386
9416
9449
9450
9458
9460
9470
9473
9474
9480
9481
9485
9501
9505
9514
9521
9537
9562
9575
9583
9584
9594
9595
9606
9613
9615
9617
9620
9647
9650
9668
9682
9685
9695
9739
9742
9757
9758
9760
9781
9800
9808
9819
9824
9837
9854
9856
9878
9881
9900
9901
9902
9903
9905
9906
9910
9913
9922
9930
9937
9940
9955
9970
9971
9988
9990
9996
9998
10003
10010
10012
10017
10025
10027
10031
10032
10052
10076
10086
10106
10109
10139
10147
10159
10167
10193
10208
10214
10226
10235
10247
10275
10289
10302
10313
10325
10332
10339
10349
10353
10368
10394
10397
10400
10423
10427
10432
10441
10463
10499
10502
10508
10509
10528
10537
10549
10555
10556
10565
10584
10595
10601
10619
10632
10637
10643
10644
10645
10652
10669
10682
10686
10701
10720
10735
10738
10746
10747
10751
10756
10760
10771
10778
10802
10804
10812
10842
10859
10861
10862
10882
10891
10901
10906
10909
10913
10931
10937
10944
10946
10948
10950
10957
10961
10966
10974
10985
11001
11008
11019
11025
11026
11030
11034
11039
11045
11059
11067
11081
11088
11091
11099
11109
11119
11125
11128
11136
11144
11163
11173
11175
11182
11202
11213
11230
11232
11247
11249
11253
11259
11264
11267
11297
11316
11324
11359
11365
11370
11373
11385
11387
11388
11410
11416
11422
11433
11440
11469
11489
11514
11526
11540
11555
11562
11572
11574
11575
11606
11615
11625
11626
11630
11631
11668
11676
11686
11711
11716
11718
11721
11722
11723
11741
11751
11767
11769
11772
11788
11807
11830
11836
11841
11867
11873
11877
11909
11914
11917
11928
11932
11941
11991
11997
12002
12004
12012
12013
12019
12029
12035
12038
12059
12064
12065
12073
12074
12076
12077
12086
12101
12108
12109
12112
12132
12151
12159
12174
12178
12183
12185
12187
12190
12222
12239
12241
12284
12289
12290
12299
12308
12310
12319
12328
12331
12332
12335
12345
12349
12378
12385
12393
12397
12401
12403
12406
12430
12439
12445
12447
12458
12464
12476
12488
12496
12507
12518
12519
12535
12536
12543
12555
12563
12564
12565
12568
12576
12577
12641
12657
12658
12661
12663
12664
12671
12682
12691
12692
12722
12725
12754
12758
12787
12794
12805
12810
12818
12822
12835
12840
12850
12853
12867
12874
12877
12897
12901
12911
12942
12956
12959
12975
12984
12989
13003
13023
13032
13040
13041
13044
13045
13095
13099
13107
13130
13135
13143
13155
13163
13166
13195
13201
13207
13236
13256
13267
13269
13295
13307
13337
13341
13345
13346
13361
13362
13373
13376
13383
13393
13396
13412
13431
13434
13435
13442
13457
13465
13481
13499
13500
13502
13520
13535
13541
13548
13567
13572
13575
13578
13582
13585
13594
13596
13606
13612
13616
13619
13626
13632
13642
13644
13656
13668
13681
13688
13690
13704
13712
13727
13758
13768
13793
13795
13798
13805
13812
13815
13848
13863
13866
13874
13876
13878
13888
13901
13903
13914
13923
13924
13929
13936
13960
13968
13971
14032
14039
14052
14056
14078
14084
14117
14147
14205
14212
14218
14221
14245
14248
14258
14259
14263
14269
14278
14281
14283
14286
14293
14295
14305
14327
14343
14344
14352
14367
14374
14375
14388
14391
14397
14401
14402
14424
14439
14452
14489
14494
14549
14558
14583
14615
14631
14638
14642
14673
14693
14712
14716
14718
14740
14741
14743
14774
14786
14798
14806
14809
14831
14837
14841
14845
14852
14858
14860
14877
14901
14916
14936
14944
14954
14957
14960
14961
14999
15009
15014
15016
15024
15026
15030
15043
15049
15070
15074
15075
15084
15095
15106
15118
15124
15148
15151
15154
15166
15168
15175
15176
15181
15194
15201
15252
15263
15267
15278
15279
15286
15293
15307
15311
15348
15353
15363
15385
15400
15408
15425
15443
15448
15450
15456
15471
15474
15479
15486
15495
15502
15503
15533
15577
15578
15582
15583
15584
15588
15606
15611
15617
15638
15641
15672
15675
15678
15681
15682
15702
15715
15721
15725
15741
15750
15753
15764
15767
15768
15773
15777
15778
15782
15786
15794
15805
15808
15834
15847
15848
15869
15877
15915
15945
15947
15961
15976
15977
15980
15993
15996
15997
16007
16008
16018
16024
16025
16041
16050
16081
16084
16091
16094
16109
16111
16126
16139
16143
16150
16164
16173
16176
16177
16180
16186
16191
16207
16234
16236
16241
16255
16293
16300
16321
16323
16325
16333
16336
16386
16389
16399
16402
16408
16420
16446
16448
16468
16470
16474
16478
16487
16488
16504
16516
16517
16518
16524
16546
16569
16578
16593
16602
16606
16618
16631
16637
16638
16657
16660
16667
16671
16672
16675
16679
16682
16690
16746
16784
16795
16799
16828
16847
16852
16865
16868
16876
16877
16881
16900
16907
16916
16917
16930
16932
16936
16940
16945
16955
16958
16964
16970
16971
16972
16994
17002
17005
17015
17019
17023
17026
17032
17044
17048
17062
17066
17077
17079
17088
17098
17126
17133
17134
17151
17161
17168
17180
17189
17208
17213
17229
17233
17234
17246
17270
17291
17311
17327
17340
17342
17348
17361
17367
17384
17420
17426
17441
17450
17454
17455
17458
17467
17470
17489
17490
17508
17518
17519
17527
17535
17561
17563
17566
17570
17599
17611
17612
17616
17647
17655
17692
17707
17733
17745
17748
17761
17780
17784
17787
17813
17820
17825
17829
17838
17854
17861
17864
17865
17868
17879
17896
17909
17915
17927
17930
17948
17951
17961
17966
17974
17992
18004
18005
18008
18021
18023
18029
18030
18041
18042
18044
18048
18113
18118
18123
18133
18138
18140
18147
18166
18169
18193
18219
18221
18249
18266
18271
18276
18291
18307
18317
18327
18329
18332
18338
18364
18367
18368
18386
18389
18397
18413
18416
18433
18435
18446
18458
18460
18473
18474
18477
18505
18507
18508
18509
18527
18528
18536
18547
18555
18560
18567
18570
18598
18605
18612
18618
18626
18643
18651
18653
18655
18662
18668
18674
18677
18680
18698
18705
18709
18711
18712
18733
18749
18754
18762
18767
18786
18790
18792
18795
18797
18800
18802
18808
18815
18817
18818
18828
18835
18848
18877
18892
18919
18937
18951
19002
19028
19042
19057
19060
19071
19074
19077
19083
19089
19095
19112
19114
19149
19164
19166
19167
19172
19173
19191
19204
19207
19216
19217
19225
19247
19261
19262
19264
19270
19275
19296
19309
19320
19336
19339
19345
19412
19415
19427
19428
19430
19431
19439
19452
19459
19476
19507
19523
19526
19530
19532
19534
19535
19540
19541
19552
19572
19578
19583
19603
19610
19613
19616
19632
19636
19650
19654
19657
19660
19664
19665
19691
19710
19720
19733
19737
19740
19741
19745
19757
19765
19793
19800
19826
19843
19845
19847
19854
19858
19872
19887
19888
19902
19903
19908
19911
19915
19937
19953
19954
19962
19987
19997
TIME ELAPSED IN NANOSECONDS: 251950

===========QuickSort Using Median Item and Smallest Partition Size=============
1
2
6
29
31
57
64
91
94
99
107
120
125
126
132
139
157
182
188
189
221
228
239
242
243
261
268
282
283
292
311
314
316
322
323
329
340
344
352
354
363
374
376
379
393
394
395
399
405
420
428
436
437
454
479
494
515
518
534
536
539
549
557
565
567
582
603
627
637
642
662
670
675
679
689
691
694
700
709
723
724
725
730
734
752
756
757
761
776
780
807
813
816
826
827
840
841
844
849
867
870
874
881
888
901
927
928
959
973
975
976
977
983
989
995
997
1003
1019
1023
1032
1039
1040
1042
1054
1059
1063
1064
1066
1083
1089
1092
1105
1107
1118
1139
1144
1148
1150
1160
1170
1175
1186
1189
1193
1196
1199
1215
1219
1224
1226
1228
1230
1243
1244
1277
1278
1280
1285
1300
1309
1310
1328
1331
1342
1349
1356
1368
1374
1375
1377
1378
1410
1435
1441
1445
1479
1490
1501
1507
1519
1529
1532
1537
1543
1551
1566
1591
1597
1615
1627
1638
1664
1675
1676
1706
1708
1713
1715
1721
1724
1735
1784
1791
1804
1818
1832
1860
1862
1864
1868
1883
1887
1899
1917
1928
1929
1933
1952
1961
1973
1980
1991
1999
2021
2039
2055
2063
2067
2068
2095
2106
2139
2151
2156
2160
2161
2169
2180
2199
2201
2209
2212
2220
2221
2229
2230
2241
2245
2250
2266
2271
2274
2281
2292
2293
2299
2304
2327
2332
2337
2353
2365
2367
2375
2430
2442
2448
2451
2466
2471
2472
2478
2490
2507
2522
2535
2542
2545
2556
2562
2563
2568
2590
2592
2611
2616
2628
2641
2660
2667
2669
2671
2687
2691
2705
2706
2707
2709
2716
2721
2757
2776
2784
2787
2820
2822
2826
2834
2837
2841
2844
2845
2846
2850
2851
2860
2863
2865
2870
2873
2885
2887
2890
2893
2908
2914
2916
2928
2967
2972
2993
3002
3013
3022
3034
3037
3039
3041
3057
3070
3080
3084
3086
3111
3117
3133
3144
3153
3172
3176
3265
3266
3281
3312
3313
3318
3322
3339
3340
3351
3369
3375
3384
3403
3406
3412
3432
3433
3435
3437
3444
3476
3482
3515
3526
3534
3547
3550
3552
3562
3578
3581
3583
3585
3594
3601
3604
3606
3662
3667
3676
3686
3690
3709
3730
3742
3758
3775
3786
3790
3799
3809
3832
3836
3872
3879
3888
3923
3938
3939
3944
3945
3980
3981
3990
3993
4000
4021
4025
4040
4056
4071
4084
4092
4110
4114
4116
4120
4127
4138
4139
4179
4194
4201
4209
4252
4253
4259
4267
4293
4310
4340
4344
4361
4378
4380
4382
4385
4398
4406
4415
4418
4432
4493
4540
4543
4550
4551
4552
4554
4563
4570
4586
4588
4594
4608
4610
4615
4629
4632
4633
4643
4650
4668
4686
4692
4712
4717
4728
4732
4733
4734
4742
4748
4761
4766
4767
4792
4798
4811
4840
4847
4858
4879
4882
4883
4884
4904
4913
4925
4931
4946
4950
4951
4968
4969
4982
4985
5007
5011
5031
5041
5046
5047
5061
5070
5073
5077
5078
5085
5129
5143
5160
5161
5175
5176
5183
5213
5228
5241
5281
5301
5305
5311
5317
5348
5358
5373
5375
5376
5379
5385
5389
5400
5409
5416
5418
5419
5433
5437
5447
5467
5476
5479
5480
5506
5512
5520
5532
5541
5551
5553
5562
5570
5601
5613
5645
5663
5675
5687
5688
5689
5706
5709
5722
5729
5736
5753
5766
5775
5784
5803
5834
5835
5843
5856
5859
5863
5869
5877
5883
5889
5892
5907
5927
5944
5963
5984
5989
6002
6033
6072
6073
6075
6082
6086
6088
6092
6103
6116
6129
6138
6139
6143
6169
6171
6187
6205
6207
6210
6213
6216
6240
6247
6251
6255
6272
6286
6310
6311
6326
6347
6366
6387
6390
6394
6396
6401
6439
6442
6463
6472
6488
6495
6499
6510
6515
6525
6533
6560
6575
6579
6601
6625
6627
6636
6641
6653
6668
6680
6687
6693
6696
6698
6711
6717
6735
6736
6743
6744
6746
6792
6798
6801
6805
6815
6818
6830
6841
6850
6861
6877
6890
6893
6896
6897
6898
6902
6908
6936
6939
6949
6966
6979
6986
6992
7005
7027
7035
7042
7049
7058
7062
7065
7082
7106
7131
7162
7166
7167
7168
7172
7176
7183
7185
7195
7197
7211
7239
7243
7248
7253
7254
7263
7270
7293
7294
7304
7325
7327
7350
7359
7361
7366
7383
7396
7398
7399
7422
7438
7441
7444
7445
7447
7463
7471
7516
7522
7528
7529
7542
7550
7553
7554
7558
7584
7585
7597
7603
7604
7606
7614
7624
7635
7647
7674
7681
7687
7692
7695
7700
7709
7714
7715
7716
7719
7723
7736
7739
7747
7752
7764
7783
7794
7807
7815
7819
7820
7826
7829
7838
7845
7859
7880
7885
7886
7919
7939
7959
7962
7973
7976
7990
8022
8026
8034
8045
8050
8056
8063
8072
8082
8095
8123
8150
8170
8173
8176
8181
8202
8205
8215
8218
8225
8235
8260
8266
8280
8283
8286
8288
8291
8292
8307
8316
8326
8341
8342
8373
8378
8389
8398
8414
8421
8445
8446
8463
8479
8481
8484
8496
8498
8501
8512
8528
8538
8539
8550
8571
8601
8607
8633
8643
8648
8675
8679
8698
8700
8714
8726
8738
8745
8763
8767
8799
8805
8815
8832
8840
8857
8862
8887
8889
8894
8900
8904
8907
8909
8914
8926
8935
8936
8954
8975
8979
8999
9000
9058
9061
9074
9075
9083
9094
9128
9136
9138
9143
9152
9161
9165
9166
9176
9193
9213
9222
9224
9239
9240
9255
9257
9272
9273
9276
9277
9279
9300
9310
9316
9317
9327
9330
9346
9351
9356
9357
9370
9374
9375
9386
9416
9449
9450
9458
9460
9470
9473
9474
9480
9481
9485
9501
9505
9514
9521
9537
9562
9575
9583
9584
9594
9595
9606
9613
9615
9617
9620
9647
9650
9668
9682
9685
9695
9739
9742
9757
9758
9760
9781
9800
9808
9819
9824
9837
9854
9856
9878
9881
9900
9901
9902
9903
9905
9906
9910
9913
9922
9930
9937
9940
9955
9970
9971
9988
9990
9996
9998
10003
10010
10012
10017
10025
10027
10031
10032
10052
10076
10086
10106
10109
10139
10147
10159
10167
10193
10208
10214
10226
10235
10247
10275
10289
10302
10313
10325
10332
10339
10349
10353
10368
10394
10397
10400
10423
10427
10432
10441
10463
10499
10502
10508
10509
10528
10537
10549
10555
10556
10565
10584
10595
10601
10619
10632
10637
10643
10644
10645
10652
10669
10682
10686
10701
10720
10735
10738
10746
10747
10751
10756
10760
10771
10778
10802
10804
10812
10842
10859
10861
10862
10882
10891
10901
10906
10909
10913
10931
10937
10944
10946
10948
10950
10957
10961
10966
10974
10985
11001
11008
11019
11025
11026
11030
11034
11039
11045
11059
11067
11081
11088
11091
11099
11109
11119
11125
11128
11136
11144
11163
11173
11175
11182
11202
11213
11230
11232
11247
11249
11253
11259
11264
11267
11297
11316
11324
11359
11365
11370
11373
11385
11387
11388
11410
11416
11422
11433
11440
11469
11489
11514
11526
11540
11555
11562
11572
11574
11575
11606
11615
11625
11626
11630
11631
11668
11676
11686
11711
11716
11718
11721
11722
11723
11741
11751
11767
11769
11772
11788
11807
11830
11836
11841
11867
11873
11877
11909
11914
11917
11928
11932
11941
11991
11997
12002
12004
12012
12013
12019
12029
12035
12038
12059
12064
12065
12073
12074
12076
12077
12086
12101
12108
12109
12112
12132
12151
12159
12174
12178
12183
12185
12187
12190
12222
12239
12241
12284
12289
12290
12299
12308
12310
12319
12328
12331
12332
12335
12345
12349
12378
12385
12393
12397
12401
12403
12406
12430
12439
12445
12447
12458
12464
12476
12488
12496
12507
12518
12519
12535
12536
12543
12555
12563
12564
12565
12568
12576
12577
12641
12657
12658
12661
12663
12664
12671
12682
12691
12692
12722
12725
12754
12758
12787
12794
12805
12810
12818
12822
12835
12840
12850
12853
12867
12874
12877
12897
12901
12911
12942
12956
12959
12975
12984
12989
13003
13023
13032
13040
13041
13044
13045
13095
13099
13107
13130
13135
13143
13155
13163
13166
13195
13201
13207
13236
13256
13267
13269
13295
13307
13337
13341
13345
13346
13361
13362
13373
13376
13383
13393
13396
13412
13431
13434
13435
13442
13457
13465
13481
13499
13500
13502
13520
13535
13541
13548
13567
13572
13575
13578
13582
13585
13594
13596
13606
13612
13616
13619
13626
13632
13642
13644
13656
13668
13681
13688
13690
13704
13712
13727
13758
13768
13793
13795
13798
13805
13812
13815
13848
13863
13866
13874
13876
13878
13888
13901
13903
13914
13923
13924
13929
13936
13960
13968
13971
14032
14039
14052
14056
14078
14084
14117
14147
14205
14212
14218
14221
14245
14248
14258
14259
14263
14269
14278
14281
14283
14286
14293
14295
14305
14327
14343
14344
14352
14367
14374
14375
14388
14391
14397
14401
14402
14424
14439
14452
14489
14494
14549
14558
14583
14615
14631
14638
14642
14673
14693
14712
14716
14718
14740
14741
14743
14774
14786
14798
14806
14809
14831
14837
14841
14845
14852
14858
14860
14877
14901
14916
14936
14944
14954
14957
14960
14961
14999
15009
15014
15016
15024
15026
15030
15043
15049
15070
15074
15075
15084
15095
15106
15118
15124
15148
15151
15154
15166
15168
15175
15176
15181
15194
15201
15252
15263
15267
15278
15279
15286
15293
15307
15311
15348
15353
15363
15385
15400
15408
15425
15443
15448
15450
15456
15471
15474
15479
15486
15495
15502
15503
15533
15577
15578
15582
15583
15584
15588
15606
15611
15617
15638
15641
15672
15675
15678
15681
15682
15702
15715
15721
15725
15741
15750
15753
15764
15767
15768
15773
15777
15778
15782
15786
15794
15805
15808
15834
15847
15848
15869
15877
15915
15945
15947
15961
15976
15977
15980
15993
15996
15997
16007
16008
16018
16024
16025
16041
16050
16081
16084
16091
16094
16109
16111
16126
16139
16143
16150
16164
16173
16176
16177
16180
16186
16191
16207
16234
16236
16241
16255
16293
16300
16321
16323
16325
16333
16336
16386
16389
16399
16402
16408
16420
16446
16448
16468
16470
16474
16478
16487
16488
16504
16516
16517
16518
16524
16546
16569
16578
16593
16602
16606
16618
16631
16637
16638
16657
16660
16667
16671
16672
16675
16679
16682
16690
16746
16784
16795
16799
16828
16847
16852
16865
16868
16876
16877
16881
16900
16907
16916
16917
16930
16932
16936
16940
16945
16955
16958
16964
16970
16971
16972
16994
17002
17005
17015
17019
17023
17026
17032
17044
17048
17062
17066
17077
17079
17088
17098
17126
17133
17134
17151
17161
17168
17180
17189
17208
17213
17229
17233
17234
17246
17270
17291
17311
17327
17340
17342
17348
17361
17367
17384
17420
17426
17441
17450
17454
17455
17458
17467
17470
17489
17490
17508
17518
17519
17527
17535
17561
17563
17566
17570
17599
17611
17612
17616
17647
17655
17692
17707
17733
17745
17748
17761
17780
17784
17787
17813
17820
17825
17829
17838
17854
17861
17864
17865
17868
17879
17896
17909
17915
17927
17930
17948
17951
17961
17966
17974
17992
18004
18005
18008
18021
18023
18029
18030
18041
18042
18044
18048
18113
18118
18123
18133
18138
18140
18147
18166
18169
18193
18219
18221
18249
18266
18271
18276
18291
18307
18317
18327
18329
18332
18338
18364
18367
18368
18386
18389
18397
18413
18416
18433
18435
18446
18458
18460
18473
18474
18477
18505
18507
18508
18509
18527
18528
18536
18547
18555
18560
18567
18570
18598
18605
18612
18618
18626
18643
18651
18653
18655
18662
18668
18674
18677
18680
18698
18705
18709
18711
18712
18733
18749
18754
18762
18767
18786
18790
18792
18795
18797
18800
18802
18808
18815
18817
18818
18828
18835
18848
18877
18892
18919
18937
18951
19002
19028
19042
19057
19060
19071
19074
19077
19083
19089
19095
19112
19114
19149
19164
19166
19167
19172
19173
19191
19204
19207
19216
19217
19225
19247
19261
19262
19264
19270
19275
19296
19309
19320
19336
19339
19345
19412
19415
19427
19428
19430
19431
19439
19452
19459
19476
19507
19523
19526
19530
19532
19534
19535
19540
19541
19552
19572
19578
19583
19603
19610
19613
19616
19632
19636
19650
19654
19657
19660
19664
19665
19691
19710
19720
19733
19737
19740
19741
19745
19757
19765
19793
19800
19826
19843
19845
19847
19854
19858
19872
19887
19888
19902
19903
19908
19911
19915
19937
19953
19954
19962
19987
19997
TIME ELAPSED IN NANOSECONDS: 196811

===========HeapSort=============
1
2
6
29
31
57
64
91
94
99
107
120
125
126
132
139
157
182
188
189
221
228
239
242
243
261
268
282
283
292
311
314
316
322
323
329
340
344
352
354
363
374
376
379
393
394
395
399
405
420
428
436
437
454
479
494
515
518
534
536
539
549
557
565
567
582
603
627
637
642
662
670
675
679
689
691
694
700
709
723
724
725
730
734
752
756
757
761
776
780
807
813
816
826
827
840
841
844
849
867
870
874
881
888
901
927
928
959
973
975
976
977
983
989
995
997
1003
1019
1023
1032
1039
1040
1042
1054
1059
1063
1064
1066
1083
1089
1092
1105
1107
1118
1139
1144
1148
1150
1160
1170
1175
1186
1189
1193
1196
1199
1215
1219
1224
1226
1228
1230
1243
1244
1277
1278
1280
1285
1300
1309
1310
1328
1331
1342
1349
1356
1368
1374
1375
1377
1378
1410
1435
1441
1445
1479
1490
1501
1507
1519
1529
1532
1537
1543
1551
1566
1591
1597
1615
1627
1638
1664
1675
1676
1706
1708
1713
1715
1721
1724
1735
1784
1791
1804
1818
1832
1860
1862
1864
1868
1883
1887
1899
1917
1928
1929
1933
1952
1961
1973
1980
1991
1999
2021
2039
2055
2063
2067
2068
2095
2106
2139
2151
2156
2160
2161
2169
2180
2199
2201
2209
2212
2220
2221
2229
2230
2241
2245
2250
2266
2271
2274
2281
2292
2293
2299
2304
2327
2332
2337
2353
2365
2367
2375
2430
2442
2448
2451
2466
2471
2472
2478
2490
2507
2522
2535
2542
2545
2556
2562
2563
2568
2590
2592
2611
2616
2628
2641
2660
2667
2669
2671
2687
2691
2705
2706
2707
2709
2716
2721
2757
2776
2784
2787
2820
2822
2826
2834
2837
2841
2844
2845
2846
2850
2851
2860
2863
2865
2870
2873
2885
2887
2890
2893
2908
2914
2916
2928
2967
2972
2993
3002
3013
3022
3034
3037
3039
3041
3057
3070
3080
3084
3086
3111
3117
3133
3144
3153
3172
3176
3265
3266
3281
3312
3313
3318
3322
3339
3340
3351
3369
3375
3384
3403
3406
3412
3432
3433
3435
3437
3444
3476
3482
3515
3526
3534
3547
3550
3552
3562
3578
3581
3583
3585
3594
3601
3604
3606
3662
3667
3676
3686
3690
3709
3730
3742
3758
3775
3786
3790
3799
3809
3832
3836
3872
3879
3888
3923
3938
3939
3944
3945
3980
3981
3990
3993
4000
4021
4025
4040
4056
4071
4084
4092
4110
4114
4116
4120
4127
4138
4139
4179
4194
4201
4209
4252
4253
4259
4267
4293
4310
4340
4344
4361
4378
4380
4382
4385
4398
4406
4415
4418
4432
4493
4540
4543
4550
4551
4552
4554
4563
4570
4586
4588
4594
4608
4610
4615
4629
4632
4633
4643
4650
4668
4686
4692
4712
4717
4728
4732
4733
4734
4742
4748
4761
4766
4767
4792
4798
4811
4840
4847
4858
4879
4882
4883
4884
4904
4913
4925
4931
4946
4950
4951
4968
4969
4982
4985
5007
5011
5031
5041
5046
5047
5061
5070
5073
5077
5078
5085
5129
5143
5160
5161
5175
5176
5183
5213
5228
5241
5281
5301
5305
5311
5317
5348
5358
5373
5375
5376
5379
5385
5389
5400
5409
5416
5418
5419
5433
5437
5447
5467
5476
5479
5480
5506
5512
5520
5532
5541
5551
5553
5562
5570
5601
5613
5645
5663
5675
5687
5688
5689
5706
5709
5722
5729
5736
5753
5766
5775
5784
5803
5834
5835
5843
5856
5859
5863
5869
5877
5883
5889
5892
5907
5927
5944
5963
5984
5989
6002
6033
6072
6073
6075
6082
6086
6088
6092
6103
6116
6129
6138
6139
6143
6169
6171
6187
6205
6207
6210
6213
6216
6240
6247
6251
6255
6272
6286
6310
6311
6326
6347
6366
6387
6390
6394
6396
6401
6439
6442
6463
6472
6488
6495
6499
6510
6515
6525
6533
6560
6575
6579
6601
6625
6627
6636
6641
6653
6668
6680
6687
6693
6696
6698
6711
6717
6735
6736
6743
6744
6746
6792
6798
6801
6805
6815
6818
6830
6841
6850
6861
6877
6890
6893
6896
6897
6898
6902
6908
6936
6939
6949
6966
6979
6986
6992
7005
7027
7035
7042
7049
7058
7062
7065
7082
7106
7131
7162
7166
7167
7168
7172
7176
7183
7185
7195
7197
7211
7239
7243
7248
7253
7254
7263
7270
7293
7294
7304
7325
7327
7350
7359
7361
7366
7383
7396
7398
7399
7422
7438
7441
7444
7445
7447
7463
7471
7516
7522
7528
7529
7542
7550
7553
7554
7558
7584
7585
7597
7603
7604
7606
7614
7624
7635
7647
7674
7681
7687
7692
7695
7700
7709
7714
7715
7716
7719
7723
7736
7739
7747
7752
7764
7783
7794
7807
7815
7819
7820
7826
7829
7838
7845
7859
7880
7885
7886
7919
7939
7959
7962
7973
7976
7990
8022
8026
8034
8045
8050
8056
8063
8072
8082
8095
8123
8150
8170
8173
8176
8181
8202
8205
8215
8218
8225
8235
8260
8266
8280
8283
8286
8288
8291
8292
8307
8316
8326
8341
8342
8373
8378
8389
8398
8414
8421
8445
8446
8463
8479
8481
8484
8496
8498
8501
8512
8528
8538
8539
8550
8571
8601
8607
8633
8643
8648
8675
8679
8698
8700
8714
8726
8738
8745
8763
8767
8799
8805
8815
8832
8840
8857
8862
8887
8889
8894
8900
8904
8907
8909
8914
8926
8935
8936
8954
8975
8979
8999
9000
9058
9061
9074
9075
9083
9094
9128
9136
9138
9143
9152
9161
9165
9166
9176
9193
9213
9222
9224
9239
9240
9255
9257
9272
9273
9276
9277
9279
9300
9310
9316
9317
9327
9330
9346
9351
9356
9357
9370
9374
9375
9386
9416
9449
9450
9458
9460
9470
9473
9474
9480
9481
9485
9501
9505
9514
9521
9537
9562
9575
9583
9584
9594
9595
9606
9613
9615
9617
9620
9647
9650
9668
9682
9685
9695
9739
9742
9757
9758
9760
9781
9800
9808
9819
9824
9837
9854
9856
9878
9881
9900
9901
9902
9903
9905
9906
9910
9913
9922
9930
9937
9940
9955
9970
9971
9988
9990
9996
9998
10003
10010
10012
10017
10025
10027
10031
10032
10052
10076
10086
10106
10109
10139
10147
10159
10167
10193
10208
10214
10226
10235
10247
10275
10289
10302
10313
10325
10332
10339
10349
10353
10368
10394
10397
10400
10423
10427
10432
10441
10463
10499
10502
10508
10509
10528
10537
10549
10555
10556
10565
10584
10595
10601
10619
10632
10637
10643
10644
10645
10652
10669
10682
10686
10701
10720
10735
10738
10746
10747
10751
10756
10760
10771
10778
10802
10804
10812
10842
10859
10861
10862
10882
10891
10901
10906
10909
10913
10931
10937
10944
10946
10948
10950
10957
10961
10966
10974
10985
11001
11008
11019
11025
11026
11030
11034
11039
11045
11059
11067
11081
11088
11091
11099
11109
11119
11125
11128
11136
11144
11163
11173
11175
11182
11202
11213
11230
11232
11247
11249
11253
11259
11264
11267
11297
11316
11324
11359
11365
11370
11373
11385
11387
11388
11410
11416
11422
11433
11440
11469
11489
11514
11526
11540
11555
11562
11572
11574
11575
11606
11615
11625
11626
11630
11631
11668
11676
11686
11711
11716
11718
11721
11722
11723
11741
11751
11767
11769
11772
11788
11807
11830
11836
11841
11867
11873
11877
11909
11914
11917
11928
11932
11941
11991
11997
12002
12004
12012
12013
12019
12029
12035
12038
12059
12064
12065
12073
12074
12076
12077
12086
12101
12108
12109
12112
12132
12151
12159
12174
12178
12183
12185
12187
12190
12222
12239
12241
12284
12289
12290
12299
12308
12310
12319
12328
12331
12332
12335
12345
12349
12378
12385
12393
12397
12401
12403
12406
12430
12439
12445
12447
12458
12464
12476
12488
12496
12507
12518
12519
12535
12536
12543
12555
12563
12564
12565
12568
12576
12577
12641
12657
12658
12661
12663
12664
12671
12682
12691
12692
12722
12725
12754
12758
12787
12794
12805
12810
12818
12822
12835
12840
12850
12853
12867
12874
12877
12897
12901
12911
12942
12956
12959
12975
12984
12989
13003
13023
13032
13040
13041
13044
13045
13095
13099
13107
13130
13135
13143
13155
13163
13166
13195
13201
13207
13236
13256
13267
13269
13295
13307
13337
13341
13345
13346
13361
13362
13373
13376
13383
13393
13396
13412
13431
13434
13435
13442
13457
13465
13481
13499
13500
13502
13520
13535
13541
13548
13567
13572
13575
13578
13582
13585
13594
13596
13606
13612
13616
13619
13626
13632
13642
13644
13656
13668
13681
13688
13690
13704
13712
13727
13758
13768
13793
13795
13798
13805
13812
13815
13848
13863
13866
13874
13876
13878
13888
13901
13903
13914
13923
13924
13929
13936
13960
13968
13971
14032
14039
14052
14056
14078
14084
14117
14147
14205
14212
14218
14221
14245
14248
14258
14259
14263
14269
14278
14281
14283
14286
14293
14295
14305
14327
14343
14344
14352
14367
14374
14375
14388
14391
14397
14401
14402
14424
14439
14452
14489
14494
14549
14558
14583
14615
14631
14638
14642
14673
14693
14712
14716
14718
14740
14741
14743
14774
14786
14798
14806
14809
14831
14837
14841
14845
14852
14858
14860
14877
14901
14916
14936
14944
14954
14957
14960
14961
14999
15009
15014
15016
15024
15026
15030
15043
15049
15070
15074
15075
15084
15095
15106
15118
15124
15148
15151
15154
15166
15168
15175
15176
15181
15194
15201
15252
15263
15267
15278
15279
15286
15293
15307
15311
15348
15353
15363
15385
15400
15408
15425
15443
15448
15450
15456
15471
15474
15479
15486
15495
15502
15503
15533
15577
15578
15582
15583
15584
15588
15606
15611
15617
15638
15641
15672
15675
15678
15681
15682
15702
15715
15721
15725
15741
15750
15753
15764
15767
15768
15773
15777
15778
15782
15786
15794
15805
15808
15834
15847
15848
15869
15877
15915
15945
15947
15961
15976
15977
15980
15993
15996
15997
16007
16008
16018
16024
16025
16041
16050
16081
16084
16091
16094
16109
16111
16126
16139
16143
16150
16164
16173
16176
16177
16180
16186
16191
16207
16234
16236
16241
16255
16293
16300
16321
16323
16325
16333
16336
16386
16389
16399
16402
16408
16420
16446
16448
16468
16470
16474
16478
16487
16488
16504
16516
16517
16518
16524
16546
16569
16578
16593
16602
16606
16618
16631
16637
16638
16657
16660
16667
16671
16672
16675
16679
16682
16690
16746
16784
16795
16799
16828
16847
16852
16865
16868
16876
16877
16881
16900
16907
16916
16917
16930
16932
16936
16940
16945
16955
16958
16964
16970
16971
16972
16994
17002
17005
17015
17019
17023
17026
17032
17044
17048
17062
17066
17077
17079
17088
17098
17126
17133
17134
17151
17161
17168
17180
17189
17208
17213
17229
17233
17234
17246
17270
17291
17311
17327
17340
17342
17348
17361
17367
17384
17420
17426
17441
17450
17454
17455
17458
17467
17470
17489
17490
17508
17518
17519
17527
17535
17561
17563
17566
17570
17599
17611
17612
17616
17647
17655
17692
17707
17733
17745
17748
17761
17780
17784
17787
17813
17820
17825
17829
17838
17854
17861
17864
17865
17868
17879
17896
17909
17915
17927
17930
17948
17951
17961
17966
17974
17992
18004
18005
18008
18021
18023
18029
18030
18041
18042
18044
18048
18113
18118
18123
18133
18138
18140
18147
18166
18169
18193
18219
18221
18249
18266
18271
18276
18291
18307
18317
18327
18329
18332
18338
18364
18367
18368
18386
18389
18397
18413
18416
18433
18435
18446
18458
18460
18473
18474
18477
18505
18507
18508
18509
18527
18528
18536
18547
18555
18560
18567
18570
18598
18605
18612
18618
18626
18643
18651
18653
18655
18662
18668
18674
18677
18680
18698
18705
18709
18711
18712
18733
18749
18754
18762
18767
18786
18790
18792
18795
18797
18800
18802
18808
18815
18817
18818
18828
18835
18848
18877
18892
18919
18937
18951
19002
19028
19042
19057
19060
19071
19074
19077
19083
19089
19095
19112
19114
19149
19164
19166
19167
19172
19173
19191
19204
19207
19216
19217
19225
19247
19261
19262
19264
19270
19275
19296
19309
19320
19336
19339
19345
19412
19415
19427
19428
19430
19431
19439
19452
19459
19476
19507
19523
19526
19530
19532
19534
19535
19540
19541
19552
19572
19578
19583
19603
19610
19613
19616
19632
19636
19650
19654
19657
19660
19664
19665
19691
19710
19720
19733
19737
19740
19741
19745
19757
19765
19793
19800
19826
19843
19845
19847
19854
19858
19872
19887
19888
19902
19903
19908
19911
19915
19937
19953
19954
19962
19987
19997
TIME ELAPSED IN NANOSECONDS: 274209

