===========QuickSort=============
125
150
237
238
396
481
1555
1695
2782
3070
3404
4079
4219
4429
4922
4996
5004
5076
5234
5363
6429
6593
6882
9455
9554
9788
10051
10186
10881
11125
12118
12635
12835
14541
14898
14934
15115
15261
15357
15570
15683
16287
16629
16635
16694
17436
17883
18230
18283
18430

===========HeapSort=============
125
150
237
238
396
481
1555
1695
2782
3070
3404
4079
4219
4429
4922
4996
5004
5076
5234
5363
6429
6593
6882
9455
9554
9788
10051
10186
10881
11125
12118
12635
12835
14541
14898
14934
15115
15261
15357
15570
15683
16287
16629
16635
16694
17436
17883
18230
18283
18430

