===========QuickSort Using First Item Pivot and Smallest Partition Size=============
8
42
52
54
56
75
79
102
111
114
133
148
157
176
236
249
261
291
297
318
392
446
447
454
459
469
495
515
568
576
635
642
664
743
785
811
858
870
888
942
961
995
1033
1086
1096
1114
1126
1194
1209
1229
1253
1256
1285
1290
1330
1352
1354
1382
1404
1444
1445
1483
1497
1498
1499
1503
1514
1608
1746
1753
1775
1807
1821
1850
1951
1952
1961
1982
1983
2009
2016
2041
2083
2084
2098
2146
2193
2209
2233
2255
2276
2292
2303
2319
2405
2420
2438
2459
2465
2466
2484
2504
2510
2514
2525
2550
2586
2599
2606
2650
2661
2682
2695
2703
2708
2740
2761
2819
2835
2864
2894
2928
2967
3032
3034
3037
3060
3063
3071
3089
3104
3107
3109
3118
3119
3187
3224
3226
3231
3292
3299
3307
3340
3348
3353
3398
3443
3474
3483
3508
3513
3527
3554
3579
3610
3620
3628
3632
3644
3688
3691
3711
3767
3789
3818
3823
3888
3899
3901
3929
3938
3969
3972
3997
4008
4019
4032
4069
4078
4080
4096
4105
4148
4164
4211
4263
4264
4277
4285
4311
4313
4323
4333
4350
4358
4409
4427
4441
4473
4475
4479
4480
4496
4497
4509
4511
4514
4520
4548
4552
4556
4562
4578
4584
4586
4596
4612
4613
4622
4632
4664
4678
4709
4712
4756
4764
4778
4815
4831
4867
4915
4933
4958
5019
5026
5036
5074
5084
5130
5159
5176
5193
5241
5260
5277
5295
5299
5304
5313
5349
5360
5370
5373
5386
5393
5429
5452
5455
5463
5474
5476
5527
5621
5648
5649
5672
5711
5715
5761
5793
5825
5829
5869
5873
5884
5885
5890
5918
5924
5942
5957
6001
6074
6083
6087
6109
6136
6152
6156
6186
6232
6272
6293
6312
6340
6349
6351
6358
6368
6381
6399
6413
6423
6438
6443
6517
6523
6622
6656
6661
6665
6726
6761
6770
6844
6864
6899
6911
6928
6939
6948
6994
7019
7028
7031
7033
7051
7087
7111
7136
7172
7206
7207
7213
7250
7265
7296
7300
7345
7365
7377
7388
7398
7407
7458
7469
7471
7512
7517
7541
7563
7643
7672
7684
7691
7706
7720
7727
7733
7743
7787
7806
7819
7827
7870
7880
7901
7921
7947
7951
7969
7997
8002
8011
8014
8021
8049
8061
8063
8068
8075
8125
8140
8198
8201
8220
8245
8247
8263
8267
8273
8282
8335
8374
8406
8431
8495
8524
8551
8554
8555
8559
8560
8568
8570
8585
8591
8592
8598
8620
8629
8633
8704
8714
8727
8737
8744
8774
8820
8856
8863
8866
8867
8888
8908
8913
8981
9024
9031
9067
9072
9084
9086
9089
9113
9116
9119
9132
9138
9151
9154
9240
9243
9269
9298
9317
9344
9374
9429
9449
9453
9460
9472
9481
9509
9519
9537
9546
9572
9574
9576
9580
9583
9584
9585
9604
9615
9657
9680
9704
9742
9745
9761
9782
9783
9811
9830
9844
9849
9862
9866
9876
9886
9888
9907
9919
9924
9952
9965
9987
10000
10007
10030
10048
10067
10071
10088
10100
10121
10155
10208
10218
10262
10280
10326
10333
10422
10424
10452
10465
10472
10476
10493
10498
10517
10560
10577
10592
10594
10629
10658
10662
10663
10682
10690
10718
10847
10848
10854
10864
10874
10900
10903
10904
10911
10916
10950
10952
10967
10976
10988
10998
11017
11026
11039
11043
11085
11094
11127
11132
11153
11186
11193
11222
11231
11274
11299
11310
11321
11323
11386
11394
11411
11442
11463
11472
11482
11485
11492
11622
11641
11643
11660
11706
11712
11725
11754
11763
11765
11784
11800
11818
11845
11848
11850
11854
11863
11867
11869
11893
11905
11928
11954
11957
11971
11972
11999
12010
12017
12030
12034
12064
12086
12127
12164
12167
12183
12185
12212
12257
12281
12314
12315
12352
12356
12375
12382
12388
12392
12393
12398
12411
12419
12455
12462
12509
12574
12582
12613
12625
12627
12631
12645
12682
12698
12702
12713
12734
12748
12751
12773
12779
12839
12844
12880
12914
12916
12918
12954
12971
12974
13016
13033
13054
13061
13080
13087
13100
13102
13118
13151
13197
13204
13208
13210
13235
13243
13288
13304
13334
13347
13351
13363
13402
13421
13450
13491
13493
13510
13529
13568
13631
13647
13672
13675
13711
13715
13751
13777
13791
13792
13795
13826
13845
13854
13863
13867
13869
13874
13911
13914
13926
13932
13942
13945
13974
13987
13992
13993
13997
14005
14009
14019
14043
14073
14106
14125
14159
14163
14245
14254
14268
14286
14348
14366
14371
14412
14430
14466
14488
14528
14564
14606
14615
14629
14634
14650
14657
14663
14665
14681
14692
14693
14695
14773
14807
14810
14839
14870
14904
14924
14975
14984
14986
14993
14998
15013
15054
15091
15118
15135
15149
15164
15180
15243
15254
15263
15266
15272
15280
15314
15325
15342
15349
15352
15354
15374
15381
15383
15395
15418
15433
15440
15457
15463
15503
15556
15570
15599
15634
15651
15683
15729
15748
15773
15801
15802
15819
15820
15831
15870
15880
15907
15934
15945
15992
16012
16033
16049
16064
16107
16114
16131
16133
16141
16150
16163
16177
16193
16212
16240
16269
16281
16352
16358
16380
16417
16453
16466
16471
16475
16476
16480
16494
16508
16551
16556
16562
16586
16618
16642
16649
16671
16696
16698
16704
16732
16764
16767
16802
16811
16820
16824
16894
16911
16950
17003
17020
17021
17048
17057
17064
17068
17100
17115
17118
17122
17128
17156
17165
17219
17236
17272
17280
17305
17306
17325
17343
17354
17404
17419
17526
17527
17566
17662
17696
17705
17732
17765
17769
17774
17855
17858
17871
17889
17895
17896
17897
17915
17933
17974
17976
17989
18048
18061
18079
18082
18106
18120
18122
18135
18159
18163
18231
18232
18253
18267
18273
18274
18309
18346
18358
18377
18387
18399
18426
18439
18471
18487
18493
18526
18528
18541
18577
18580
18583
18592
18606
18639
18642
18643
18653
18690
18722
18742
18748
18773
18785
18811
18814
18873
18922
18924
19027
19029
19083
19088
19092
19093
19097
19100
19122
19131
19138
19141
19150
19195
19281
19285
19300
19346
19381
19434
19456
19474
19486
19493
19559
19572
19575
19669
19699
19700
19717
19727
19748
19781
19794
19797
19803
19843
19875
19909
19924
19930
19963
19967
19977
19989
19993
TIME ELAPSED IN NANOSECONDS: 78368

===========QuickSort Using First Item and 50 Partition Size=============
8
42
52
54
56
75
79
102
111
114
133
148
157
176
236
249
261
291
297
318
392
446
447
454
459
469
495
515
568
576
635
642
664
743
785
811
858
870
888
942
961
995
1033
1086
1096
1114
1126
1194
1209
1229
1253
1256
1285
1290
1330
1352
1354
1382
1404
1444
1445
1483
1497
1498
1499
1503
1514
1608
1746
1753
1775
1807
1821
1850
1951
1952
1961
1982
1983
2009
2016
2041
2083
2084
2098
2146
2193
2209
2233
2255
2276
2292
2303
2319
2405
2420
2438
2459
2465
2466
2484
2504
2510
2514
2525
2550
2586
2599
2606
2650
2661
2682
2695
2703
2708
2740
2761
2819
2835
2864
2894
2928
2967
3032
3034
3037
3060
3063
3071
3089
3104
3107
3109
3118
3119
3187
3224
3226
3231
3292
3299
3307
3340
3348
3353
3398
3443
3474
3483
3508
3513
3527
3554
3579
3610
3620
3628
3632
3644
3688
3691
3711
3767
3789
3818
3823
3888
3899
3901
3929
3938
3969
3972
3997
4008
4019
4032
4069
4078
4080
4096
4105
4148
4164
4211
4263
4264
4277
4285
4311
4313
4323
4333
4350
4358
4409
4427
4441
4473
4475
4479
4480
4496
4497
4509
4511
4514
4520
4548
4552
4556
4562
4578
4584
4586
4596
4612
4613
4622
4632
4664
4678
4709
4712
4756
4764
4778
4815
4831
4867
4915
4933
4958
5019
5026
5036
5074
5084
5130
5159
5176
5193
5241
5260
5277
5295
5299
5304
5313
5349
5360
5370
5373
5386
5393
5429
5452
5455
5463
5474
5476
5527
5621
5648
5649
5672
5711
5715
5761
5793
5825
5829
5869
5873
5884
5885
5890
5918
5924
5942
5957
6001
6074
6083
6087
6109
6136
6152
6156
6186
6232
6272
6293
6312
6340
6349
6351
6358
6368
6381
6399
6413
6423
6438
6443
6517
6523
6622
6656
6661
6665
6726
6761
6770
6844
6864
6899
6911
6928
6939
6948
6994
7019
7028
7031
7033
7051
7087
7111
7136
7172
7206
7207
7213
7250
7265
7296
7300
7345
7365
7377
7388
7398
7407
7458
7469
7471
7512
7517
7541
7563
7643
7672
7684
7691
7706
7720
7727
7733
7743
7787
7806
7819
7827
7870
7880
7901
7921
7947
7951
7969
7997
8002
8011
8014
8021
8049
8061
8063
8068
8075
8125
8140
8198
8201
8220
8245
8247
8263
8267
8273
8282
8335
8374
8406
8431
8495
8524
8551
8554
8555
8559
8560
8568
8570
8585
8591
8592
8598
8620
8629
8633
8704
8714
8727
8737
8744
8774
8820
8856
8863
8866
8867
8888
8908
8913
8981
9024
9031
9067
9072
9084
9086
9089
9113
9116
9119
9132
9138
9151
9154
9240
9243
9269
9298
9317
9344
9374
9429
9449
9453
9460
9472
9481
9509
9519
9537
9546
9572
9574
9576
9580
9583
9584
9585
9604
9615
9657
9680
9704
9742
9745
9761
9782
9783
9811
9830
9844
9849
9862
9866
9876
9886
9888
9907
9919
9924
9952
9965
9987
10000
10007
10030
10048
10067
10071
10088
10100
10121
10155
10208
10218
10262
10280
10326
10333
10422
10424
10452
10465
10472
10476
10493
10498
10517
10560
10577
10592
10594
10629
10658
10662
10663
10682
10690
10718
10847
10848
10854
10864
10874
10900
10903
10904
10911
10916
10950
10952
10967
10976
10988
10998
11017
11026
11039
11043
11085
11094
11127
11132
11153
11186
11193
11222
11231
11274
11299
11310
11321
11323
11386
11394
11411
11442
11463
11472
11482
11485
11492
11622
11641
11643
11660
11706
11712
11725
11754
11763
11765
11784
11800
11818
11845
11848
11850
11854
11863
11867
11869
11893
11905
11928
11954
11957
11971
11972
11999
12010
12017
12030
12034
12064
12086
12127
12164
12167
12183
12185
12212
12257
12281
12314
12315
12352
12356
12375
12382
12388
12392
12393
12398
12411
12419
12455
12462
12509
12574
12582
12613
12625
12627
12631
12645
12682
12698
12702
12713
12734
12748
12751
12773
12779
12839
12844
12880
12914
12916
12918
12954
12971
12974
13016
13033
13054
13061
13080
13087
13100
13102
13118
13151
13197
13204
13208
13210
13235
13243
13288
13304
13334
13347
13351
13363
13402
13421
13450
13491
13493
13510
13529
13568
13631
13647
13672
13675
13711
13715
13751
13777
13791
13792
13795
13826
13845
13854
13863
13867
13869
13874
13911
13914
13926
13932
13942
13945
13974
13987
13992
13993
13997
14005
14009
14019
14043
14073
14106
14125
14159
14163
14245
14254
14268
14286
14348
14366
14371
14412
14430
14466
14488
14528
14564
14606
14615
14629
14634
14650
14657
14663
14665
14681
14692
14693
14695
14773
14807
14810
14839
14870
14904
14924
14975
14984
14986
14993
14998
15013
15054
15091
15118
15135
15149
15164
15180
15243
15254
15263
15266
15272
15280
15314
15325
15342
15349
15352
15354
15374
15381
15383
15395
15418
15433
15440
15457
15463
15503
15556
15570
15599
15634
15651
15683
15729
15748
15773
15801
15802
15819
15820
15831
15870
15880
15907
15934
15945
15992
16012
16033
16049
16064
16107
16114
16131
16133
16141
16150
16163
16177
16193
16212
16240
16269
16281
16352
16358
16380
16417
16453
16466
16471
16475
16476
16480
16494
16508
16551
16556
16562
16586
16618
16642
16649
16671
16696
16698
16704
16732
16764
16767
16802
16811
16820
16824
16894
16911
16950
17003
17020
17021
17048
17057
17064
17068
17100
17115
17118
17122
17128
17156
17165
17219
17236
17272
17280
17305
17306
17325
17343
17354
17404
17419
17526
17527
17566
17662
17696
17705
17732
17765
17769
17774
17855
17858
17871
17889
17895
17896
17897
17915
17933
17974
17976
17989
18048
18061
18079
18082
18106
18120
18122
18135
18159
18163
18231
18232
18253
18267
18273
18274
18309
18346
18358
18377
18387
18399
18426
18439
18471
18487
18493
18526
18528
18541
18577
18580
18583
18592
18606
18639
18642
18643
18653
18690
18722
18742
18748
18773
18785
18811
18814
18873
18922
18924
19027
19029
19083
19088
19092
19093
19097
19100
19122
19131
19138
19141
19150
19195
19281
19285
19300
19346
19381
19434
19456
19474
19486
19493
19559
19572
19575
19669
19699
19700
19717
19727
19748
19781
19794
19797
19803
19843
19875
19909
19924
19930
19963
19967
19977
19989
19993
TIME ELAPSED IN NANOSECONDS: 102256

===========QuickSort Using First Item and 100 Partition Size=============
8
42
52
54
56
75
79
102
111
114
133
148
157
176
236
249
261
291
297
318
392
446
447
454
459
469
495
515
568
576
635
642
664
743
785
811
858
870
888
942
961
995
1033
1086
1096
1114
1126
1194
1209
1229
1253
1256
1285
1290
1330
1352
1354
1382
1404
1444
1445
1483
1497
1498
1499
1503
1514
1608
1746
1753
1775
1807
1821
1850
1951
1952
1961
1982
1983
2009
2016
2041
2083
2084
2098
2146
2193
2209
2233
2255
2276
2292
2303
2319
2405
2420
2438
2459
2465
2466
2484
2504
2510
2514
2525
2550
2586
2599
2606
2650
2661
2682
2695
2703
2708
2740
2761
2819
2835
2864
2894
2928
2967
3032
3034
3037
3060
3063
3071
3089
3104
3107
3109
3118
3119
3187
3224
3226
3231
3292
3299
3307
3340
3348
3353
3398
3443
3474
3483
3508
3513
3527
3554
3579
3610
3620
3628
3632
3644
3688
3691
3711
3767
3789
3818
3823
3888
3899
3901
3929
3938
3969
3972
3997
4008
4019
4032
4069
4078
4080
4096
4105
4148
4164
4211
4263
4264
4277
4285
4311
4313
4323
4333
4350
4358
4409
4427
4441
4473
4475
4479
4480
4496
4497
4509
4511
4514
4520
4548
4552
4556
4562
4578
4584
4586
4596
4612
4613
4622
4632
4664
4678
4709
4712
4756
4764
4778
4815
4831
4867
4915
4933
4958
5019
5026
5036
5074
5084
5130
5159
5176
5193
5241
5260
5277
5295
5299
5304
5313
5349
5360
5370
5373
5386
5393
5429
5452
5455
5463
5474
5476
5527
5621
5648
5649
5672
5711
5715
5761
5793
5825
5829
5869
5873
5884
5885
5890
5918
5924
5942
5957
6001
6074
6083
6087
6109
6136
6152
6156
6186
6232
6272
6293
6312
6340
6349
6351
6358
6368
6381
6399
6413
6423
6438
6443
6517
6523
6622
6656
6661
6665
6726
6761
6770
6844
6864
6899
6911
6928
6939
6948
6994
7019
7028
7031
7033
7051
7087
7111
7136
7172
7206
7207
7213
7250
7265
7296
7300
7345
7365
7377
7388
7398
7407
7458
7469
7471
7512
7517
7541
7563
7643
7672
7684
7691
7706
7720
7727
7733
7743
7787
7806
7819
7827
7870
7880
7901
7921
7947
7951
7969
7997
8002
8011
8014
8021
8049
8061
8063
8068
8075
8125
8140
8198
8201
8220
8245
8247
8263
8267
8273
8282
8335
8374
8406
8431
8495
8524
8551
8554
8555
8559
8560
8568
8570
8585
8591
8592
8598
8620
8629
8633
8704
8714
8727
8737
8744
8774
8820
8856
8863
8866
8867
8888
8908
8913
8981
9024
9031
9067
9072
9084
9086
9089
9113
9116
9119
9132
9138
9151
9154
9240
9243
9269
9298
9317
9344
9374
9429
9449
9453
9460
9472
9481
9509
9519
9537
9546
9572
9574
9576
9580
9583
9584
9585
9604
9615
9657
9680
9704
9742
9745
9761
9782
9783
9811
9830
9844
9849
9862
9866
9876
9886
9888
9907
9919
9924
9952
9965
9987
10000
10007
10030
10048
10067
10071
10088
10100
10121
10155
10208
10218
10262
10280
10326
10333
10422
10424
10452
10465
10472
10476
10493
10498
10517
10560
10577
10592
10594
10629
10658
10662
10663
10682
10690
10718
10847
10848
10854
10864
10874
10900
10903
10904
10911
10916
10950
10952
10967
10976
10988
10998
11017
11026
11039
11043
11085
11094
11127
11132
11153
11186
11193
11222
11231
11274
11299
11310
11321
11323
11386
11394
11411
11442
11463
11472
11482
11485
11492
11622
11641
11643
11660
11706
11712
11725
11754
11763
11765
11784
11800
11818
11845
11848
11850
11854
11863
11867
11869
11893
11905
11928
11954
11957
11971
11972
11999
12010
12017
12030
12034
12064
12086
12127
12164
12167
12183
12185
12212
12257
12281
12314
12315
12352
12356
12375
12382
12388
12392
12393
12398
12411
12419
12455
12462
12509
12574
12582
12613
12625
12627
12631
12645
12682
12698
12702
12713
12734
12748
12751
12773
12779
12839
12844
12880
12914
12916
12918
12954
12971
12974
13016
13033
13054
13061
13080
13087
13100
13102
13118
13151
13197
13204
13208
13210
13235
13243
13288
13304
13334
13347
13351
13363
13402
13421
13450
13491
13493
13510
13529
13568
13631
13647
13672
13675
13711
13715
13751
13777
13791
13792
13795
13826
13845
13854
13863
13867
13869
13874
13911
13914
13926
13932
13942
13945
13974
13987
13992
13993
13997
14005
14009
14019
14043
14073
14106
14125
14159
14163
14245
14254
14268
14286
14348
14366
14371
14412
14430
14466
14488
14528
14564
14606
14615
14629
14634
14650
14657
14663
14665
14681
14692
14693
14695
14773
14807
14810
14839
14870
14904
14924
14975
14984
14986
14993
14998
15013
15054
15091
15118
15135
15149
15164
15180
15243
15254
15263
15266
15272
15280
15314
15325
15342
15349
15352
15354
15374
15381
15383
15395
15418
15433
15440
15457
15463
15503
15556
15570
15599
15634
15651
15683
15729
15748
15773
15801
15802
15819
15820
15831
15870
15880
15907
15934
15945
15992
16012
16033
16049
16064
16107
16114
16131
16133
16141
16150
16163
16177
16193
16212
16240
16269
16281
16352
16358
16380
16417
16453
16466
16471
16475
16476
16480
16494
16508
16551
16556
16562
16586
16618
16642
16649
16671
16696
16698
16704
16732
16764
16767
16802
16811
16820
16824
16894
16911
16950
17003
17020
17021
17048
17057
17064
17068
17100
17115
17118
17122
17128
17156
17165
17219
17236
17272
17280
17305
17306
17325
17343
17354
17404
17419
17526
17527
17566
17662
17696
17705
17732
17765
17769
17774
17855
17858
17871
17889
17895
17896
17897
17915
17933
17974
17976
17989
18048
18061
18079
18082
18106
18120
18122
18135
18159
18163
18231
18232
18253
18267
18273
18274
18309
18346
18358
18377
18387
18399
18426
18439
18471
18487
18493
18526
18528
18541
18577
18580
18583
18592
18606
18639
18642
18643
18653
18690
18722
18742
18748
18773
18785
18811
18814
18873
18922
18924
19027
19029
19083
19088
19092
19093
19097
19100
19122
19131
19138
19141
19150
19195
19281
19285
19300
19346
19381
19434
19456
19474
19486
19493
19559
19572
19575
19669
19699
19700
19717
19727
19748
19781
19794
19797
19803
19843
19875
19909
19924
19930
19963
19967
19977
19989
19993
TIME ELAPSED IN NANOSECONDS: 82751

===========QuickSort Using Median Item and Smallest Partition Size=============
8
42
52
54
56
75
79
102
111
114
133
148
157
176
236
249
261
291
297
318
392
446
447
454
459
469
495
515
568
576
635
642
664
743
785
811
858
870
888
942
961
995
1033
1086
1096
1114
1126
1194
1209
1229
1253
1256
1285
1290
1330
1352
1354
1382
1404
1444
1445
1483
1497
1498
1499
1503
1514
1608
1746
1753
1775
1807
1821
1850
1951
1952
1961
1982
1983
2009
2016
2041
2083
2084
2098
2146
2193
2209
2233
2255
2276
2292
2303
2319
2405
2420
2438
2459
2465
2466
2484
2504
2510
2514
2525
2550
2586
2599
2606
2650
2661
2682
2695
2703
2708
2740
2761
2819
2835
2864
2894
2928
2967
3032
3034
3037
3060
3063
3071
3089
3104
3107
3109
3118
3119
3187
3224
3226
3231
3292
3299
3307
3340
3348
3353
3398
3443
3474
3483
3508
3513
3527
3554
3579
3610
3620
3628
3632
3644
3688
3691
3711
3767
3789
3818
3823
3888
3899
3901
3929
3938
3969
3972
3997
4008
4019
4032
4069
4078
4080
4096
4105
4148
4164
4211
4263
4264
4277
4285
4311
4313
4323
4333
4350
4358
4409
4427
4441
4473
4475
4479
4480
4496
4497
4509
4511
4514
4520
4548
4552
4556
4562
4578
4584
4586
4596
4612
4613
4622
4632
4664
4678
4709
4712
4756
4764
4778
4815
4831
4867
4915
4933
4958
5019
5026
5036
5074
5084
5130
5159
5176
5193
5241
5260
5277
5295
5299
5304
5313
5349
5360
5370
5373
5386
5393
5429
5452
5455
5463
5474
5476
5527
5621
5648
5649
5672
5711
5715
5761
5793
5825
5829
5869
5873
5884
5885
5890
5918
5924
5942
5957
6001
6074
6083
6087
6109
6136
6152
6156
6186
6232
6272
6293
6312
6340
6349
6351
6358
6368
6381
6399
6413
6423
6438
6443
6517
6523
6622
6656
6661
6665
6726
6761
6770
6844
6864
6899
6911
6928
6939
6948
6994
7019
7028
7031
7033
7051
7087
7111
7136
7172
7206
7207
7213
7250
7265
7296
7300
7345
7365
7377
7388
7398
7407
7458
7469
7471
7512
7517
7541
7563
7643
7672
7684
7691
7706
7720
7727
7733
7743
7787
7806
7819
7827
7870
7880
7901
7921
7947
7951
7969
7997
8002
8011
8014
8021
8049
8061
8063
8068
8075
8125
8140
8198
8201
8220
8245
8247
8263
8267
8273
8282
8335
8374
8406
8431
8495
8524
8551
8554
8555
8559
8560
8568
8570
8585
8591
8592
8598
8620
8629
8633
8704
8714
8727
8737
8744
8774
8820
8856
8863
8866
8867
8888
8908
8913
8981
9024
9031
9067
9072
9084
9086
9089
9113
9116
9119
9132
9138
9151
9154
9240
9243
9269
9298
9317
9344
9374
9429
9449
9453
9460
9472
9481
9509
9519
9537
9546
9572
9574
9576
9580
9583
9584
9585
9604
9615
9657
9680
9704
9742
9745
9761
9782
9783
9811
9830
9844
9849
9862
9866
9876
9886
9888
9907
9919
9924
9952
9965
9987
10000
10007
10030
10048
10067
10071
10088
10100
10121
10155
10208
10218
10262
10280
10326
10333
10422
10424
10452
10465
10472
10476
10493
10498
10517
10560
10577
10592
10594
10629
10658
10662
10663
10682
10690
10718
10847
10848
10854
10864
10874
10900
10903
10904
10911
10916
10950
10952
10967
10976
10988
10998
11017
11026
11039
11043
11085
11094
11127
11132
11153
11186
11193
11222
11231
11274
11299
11310
11321
11323
11386
11394
11411
11442
11463
11472
11482
11485
11492
11622
11641
11643
11660
11706
11712
11725
11754
11763
11765
11784
11800
11818
11845
11848
11850
11854
11863
11867
11869
11893
11905
11928
11954
11957
11971
11972
11999
12010
12017
12030
12034
12064
12086
12127
12164
12167
12183
12185
12212
12257
12281
12314
12315
12352
12356
12375
12382
12388
12392
12393
12398
12411
12419
12455
12462
12509
12574
12582
12613
12625
12627
12631
12645
12682
12698
12702
12713
12734
12748
12751
12773
12779
12839
12844
12880
12914
12916
12918
12954
12971
12974
13016
13033
13054
13061
13080
13087
13100
13102
13118
13151
13197
13204
13208
13210
13235
13243
13288
13304
13334
13347
13351
13363
13402
13421
13450
13491
13493
13510
13529
13568
13631
13647
13672
13675
13711
13715
13751
13777
13791
13792
13795
13826
13845
13854
13863
13867
13869
13874
13911
13914
13926
13932
13942
13945
13974
13987
13992
13993
13997
14005
14009
14019
14043
14073
14106
14125
14159
14163
14245
14254
14268
14286
14348
14366
14371
14412
14430
14466
14488
14528
14564
14606
14615
14629
14634
14650
14657
14663
14665
14681
14692
14693
14695
14773
14807
14810
14839
14870
14904
14924
14975
14984
14986
14993
14998
15013
15054
15091
15118
15135
15149
15164
15180
15243
15254
15263
15266
15272
15280
15314
15325
15342
15349
15352
15354
15374
15381
15383
15395
15418
15433
15440
15457
15463
15503
15556
15570
15599
15634
15651
15683
15729
15748
15773
15801
15802
15819
15820
15831
15870
15880
15907
15934
15945
15992
16012
16033
16049
16064
16107
16114
16131
16133
16141
16150
16163
16177
16193
16212
16240
16269
16281
16352
16358
16380
16417
16453
16466
16471
16475
16476
16480
16494
16508
16551
16556
16562
16586
16618
16642
16649
16671
16696
16698
16704
16732
16764
16767
16802
16811
16820
16824
16894
16911
16950
17003
17020
17021
17048
17057
17064
17068
17100
17115
17118
17122
17128
17156
17165
17219
17236
17272
17280
17305
17306
17325
17343
17354
17404
17419
17526
17527
17566
17662
17696
17705
17732
17765
17769
17774
17855
17858
17871
17889
17895
17896
17897
17915
17933
17974
17976
17989
18048
18061
18079
18082
18106
18120
18122
18135
18159
18163
18231
18232
18253
18267
18273
18274
18309
18346
18358
18377
18387
18399
18426
18439
18471
18487
18493
18526
18528
18541
18577
18580
18583
18592
18606
18639
18642
18643
18653
18690
18722
18742
18748
18773
18785
18811
18814
18873
18922
18924
19027
19029
19083
19088
19092
19093
19097
19100
19122
19131
19138
19141
19150
19195
19281
19285
19300
19346
19381
19434
19456
19474
19486
19493
19559
19572
19575
19669
19699
19700
19717
19727
19748
19781
19794
19797
19803
19843
19875
19909
19924
19930
19963
19967
19977
19989
19993
TIME ELAPSED IN NANOSECONDS: 142744

===========HeapSort=============
8
42
52
54
56
75
79
102
111
114
133
148
157
176
236
249
261
291
297
318
392
446
447
454
459
469
495
515
568
576
635
642
664
743
785
811
858
870
888
942
961
995
1033
1086
1096
1114
1126
1194
1209
1229
1253
1256
1285
1290
1330
1352
1354
1382
1404
1444
1445
1483
1497
1498
1499
1503
1514
1608
1746
1753
1775
1807
1821
1850
1951
1952
1961
1982
1983
2009
2016
2041
2083
2084
2098
2146
2193
2209
2233
2255
2276
2292
2303
2319
2405
2420
2438
2459
2465
2466
2484
2504
2510
2514
2525
2550
2586
2599
2606
2650
2661
2682
2695
2703
2708
2740
2761
2819
2835
2864
2894
2928
2967
3032
3034
3037
3060
3063
3071
3089
3104
3107
3109
3118
3119
3187
3224
3226
3231
3292
3299
3307
3340
3348
3353
3398
3443
3474
3483
3508
3513
3527
3554
3579
3610
3620
3628
3632
3644
3688
3691
3711
3767
3789
3818
3823
3888
3899
3901
3929
3938
3969
3972
3997
4008
4019
4032
4069
4078
4080
4096
4105
4148
4164
4211
4263
4264
4277
4285
4311
4313
4323
4333
4350
4358
4409
4427
4441
4473
4475
4479
4480
4496
4497
4509
4511
4514
4520
4548
4552
4556
4562
4578
4584
4586
4596
4612
4613
4622
4632
4664
4678
4709
4712
4756
4764
4778
4815
4831
4867
4915
4933
4958
5019
5026
5036
5074
5084
5130
5159
5176
5193
5241
5260
5277
5295
5299
5304
5313
5349
5360
5370
5373
5386
5393
5429
5452
5455
5463
5474
5476
5527
5621
5648
5649
5672
5711
5715
5761
5793
5825
5829
5869
5873
5884
5885
5890
5918
5924
5942
5957
6001
6074
6083
6087
6109
6136
6152
6156
6186
6232
6272
6293
6312
6340
6349
6351
6358
6368
6381
6399
6413
6423
6438
6443
6517
6523
6622
6656
6661
6665
6726
6761
6770
6844
6864
6899
6911
6928
6939
6948
6994
7019
7028
7031
7033
7051
7087
7111
7136
7172
7206
7207
7213
7250
7265
7296
7300
7345
7365
7377
7388
7398
7407
7458
7469
7471
7512
7517
7541
7563
7643
7672
7684
7691
7706
7720
7727
7733
7743
7787
7806
7819
7827
7870
7880
7901
7921
7947
7951
7969
7997
8002
8011
8014
8021
8049
8061
8063
8068
8075
8125
8140
8198
8201
8220
8245
8247
8263
8267
8273
8282
8335
8374
8406
8431
8495
8524
8551
8554
8555
8559
8560
8568
8570
8585
8591
8592
8598
8620
8629
8633
8704
8714
8727
8737
8744
8774
8820
8856
8863
8866
8867
8888
8908
8913
8981
9024
9031
9067
9072
9084
9086
9089
9113
9116
9119
9132
9138
9151
9154
9240
9243
9269
9298
9317
9344
9374
9429
9449
9453
9460
9472
9481
9509
9519
9537
9546
9572
9574
9576
9580
9583
9584
9585
9604
9615
9657
9680
9704
9742
9745
9761
9782
9783
9811
9830
9844
9849
9862
9866
9876
9886
9888
9907
9919
9924
9952
9965
9987
10000
10007
10030
10048
10067
10071
10088
10100
10121
10155
10208
10218
10262
10280
10326
10333
10422
10424
10452
10465
10472
10476
10493
10498
10517
10560
10577
10592
10594
10629
10658
10662
10663
10682
10690
10718
10847
10848
10854
10864
10874
10900
10903
10904
10911
10916
10950
10952
10967
10976
10988
10998
11017
11026
11039
11043
11085
11094
11127
11132
11153
11186
11193
11222
11231
11274
11299
11310
11321
11323
11386
11394
11411
11442
11463
11472
11482
11485
11492
11622
11641
11643
11660
11706
11712
11725
11754
11763
11765
11784
11800
11818
11845
11848
11850
11854
11863
11867
11869
11893
11905
11928
11954
11957
11971
11972
11999
12010
12017
12030
12034
12064
12086
12127
12164
12167
12183
12185
12212
12257
12281
12314
12315
12352
12356
12375
12382
12388
12392
12393
12398
12411
12419
12455
12462
12509
12574
12582
12613
12625
12627
12631
12645
12682
12698
12702
12713
12734
12748
12751
12773
12779
12839
12844
12880
12914
12916
12918
12954
12971
12974
13016
13033
13054
13061
13080
13087
13100
13102
13118
13151
13197
13204
13208
13210
13235
13243
13288
13304
13334
13347
13351
13363
13402
13421
13450
13491
13493
13510
13529
13568
13631
13647
13672
13675
13711
13715
13751
13777
13791
13792
13795
13826
13845
13854
13863
13867
13869
13874
13911
13914
13926
13932
13942
13945
13974
13987
13992
13993
13997
14005
14009
14019
14043
14073
14106
14125
14159
14163
14245
14254
14268
14286
14348
14366
14371
14412
14430
14466
14488
14528
14564
14606
14615
14629
14634
14650
14657
14663
14665
14681
14692
14693
14695
14773
14807
14810
14839
14870
14904
14924
14975
14984
14986
14993
14998
15013
15054
15091
15118
15135
15149
15164
15180
15243
15254
15263
15266
15272
15280
15314
15325
15342
15349
15352
15354
15374
15381
15383
15395
15418
15433
15440
15457
15463
15503
15556
15570
15599
15634
15651
15683
15729
15748
15773
15801
15802
15819
15820
15831
15870
15880
15907
15934
15945
15992
16012
16033
16049
16064
16107
16114
16131
16133
16141
16150
16163
16177
16193
16212
16240
16269
16281
16352
16358
16380
16417
16453
16466
16471
16475
16476
16480
16494
16508
16551
16556
16562
16586
16618
16642
16649
16671
16696
16698
16704
16732
16764
16767
16802
16811
16820
16824
16894
16911
16950
17003
17020
17021
17048
17057
17064
17068
17100
17115
17118
17122
17128
17156
17165
17219
17236
17272
17280
17305
17306
17325
17343
17354
17404
17419
17526
17527
17566
17662
17696
17705
17732
17765
17769
17774
17855
17858
17871
17889
17895
17896
17897
17915
17933
17974
17976
17989
18048
18061
18079
18082
18106
18120
18122
18135
18159
18163
18231
18232
18253
18267
18273
18274
18309
18346
18358
18377
18387
18399
18426
18439
18471
18487
18493
18526
18528
18541
18577
18580
18583
18592
18606
18639
18642
18643
18653
18690
18722
18742
18748
18773
18785
18811
18814
18873
18922
18924
19027
19029
19083
19088
19092
19093
19097
19100
19122
19131
19138
19141
19150
19195
19281
19285
19300
19346
19381
19434
19456
19474
19486
19493
19559
19572
19575
19669
19699
19700
19717
19727
19748
19781
19794
19797
19803
19843
19875
19909
19924
19930
19963
19967
19977
19989
19993
TIME ELAPSED IN NANOSECONDS: 332044

