===========QuickSort Using First Item Pivot and Smallest Partition Size=============
112
1326
1699
1830
2273
2296
2721
2845
3518
3616
3870
4496
4574
4657
5188
6677
7048
7102
7347
7780
7943
8446
8488
8943
9592
9720
9878
9962
10183
10195
10435
10478
10984
11815
13313
14014
14166
14682
15129
15237
15753
16010
16799
17082
17941
18382
18533
19198
19640
19746
TIME ELAPSED IN NANOSECONDS: 7943

===========QuickSort Using First Item and 50 Partition Size=============
112
1326
1699
1830
2273
2296
2721
2845
3518
3616
3870
4496
4574
4657
5188
6677
7048
7102
7347
7780
7943
8446
8488
8943
9592
9720
9878
9962
10183
10195
10435
10478
10984
11815
13313
14014
14166
14682
15129
15237
15753
16010
16799
17082
17941
18382
18533
19198
19640
19746
TIME ELAPSED IN NANOSECONDS: 2338

===========QuickSort Using First Item and 100 Partition Size=============
112
1326
1699
1830
2273
2296
2721
2845
3518
3616
3870
4496
4574
4657
5188
6677
7048
7102
7347
7780
7943
8446
8488
8943
9592
9720
9878
9962
10183
10195
10435
10478
10984
11815
13313
14014
14166
14682
15129
15237
15753
16010
16799
17082
17941
18382
18533
19198
19640
19746
TIME ELAPSED IN NANOSECONDS: 4233

===========QuickSort Using Median Item and Smallest Partition Size=============
112
1326
1699
1830
2273
2296
2721
2845
3518
3616
3870
4496
4574
4657
5188
6677
7048
7102
7347
7780
7943
8446
8488
8943
9592
9720
9878
9962
10183
10195
10435
10478
10984
11815
13313
14014
14166
14682
15129
15237
15753
16010
16799
17082
17941
18382
18533
19198
19640
19746
TIME ELAPSED IN NANOSECONDS: 1716

===========HeapSort=============
112
1326
1699
1830
2273
2296
2721
2845
3518
3616
3870
4496
4574
4657
5188
6677
7048
7102
7347
7780
7943
8446
8488
8943
9592
9720
9878
9962
10183
10195
10435
10478
10984
11815
13313
14014
14166
14682
15129
15237
15753
16010
16799
17082
17941
18382
18533
19198
19640
19746
TIME ELAPSED IN NANOSECONDS: 9272

