===========QuickSort=============
19785
19786
19787
19790
19791
19792
19794
19803
19804
19807
19810
19812
19817
19818
19825
19827
19830
19831
19832
19841
19844
19849
19850
19852
19854
19857
19863
19869
19870
19879
19885
19900
19912
19925
19927
19931
19932
19933
19945
19946
19952
19954
19960
19961
19965
19966
19975
19986
19991
19998

===========HeapSort=============
19785
19786
19787
19790
19791
19792
19794
19803
19804
19807
19810
19812
19817
19818
19825
19827
19830
19831
19832
19841
19844
19849
19850
19852
19854
19857
19863
19869
19870
19879
19885
19900
19912
19925
19927
19931
19932
19933
19945
19946
19952
19954
19960
19961
19965
19966
19975
19986
19991
19998

