===========QuickSort Using First Item Pivot and Smallest Partition Size=============
19
29
43
47
53
57
62
64
66
98
103
112
119
123
134
138
153
180
182
199
202
208
212
216
229
251
252
295
299
310
319
322
355
369
372
375
423
432
448
454
460
466
475
489
490
491
495
535
539
543
546
553
555
579
600
603
604
612
615
617
626
637
657
662
674
677
707
709
710
724
742
765
766
782
792
813
816
826
835
843
853
862
897
901
906
911
919
951
967
968
970
974
990
1017
1047
1068
1080
1089
1098
1100
1104
1109
1110
1154
1167
1193
1194
1205
1234
1253
1264
1273
1278
1286
1297
1308
1319
1322
1333
1348
1349
1366
1391
1412
1461
1474
1482
1494
1503
1512
1534
1565
1571
1583
1597
1598
1610
1614
1619
1623
1638
1650
1676
1693
1703
1714
1723
1730
1756
1757
1759
1764
1771
1772
1778
1789
1792
1796
1804
1810
1818
1872
1891
1914
1927
1928
1936
1970
1975
1976
1977
1993
2004
2022
2032
2033
2034
2037
2049
2101
2111
2114
2115
2130
2158
2196
2201
2224
2231
2237
2242
2243
2259
2263
2312
2323
2324
2357
2358
2384
2418
2440
2445
2446
2467
2468
2504
2509
2517
2565
2600
2608
2611
2614
2617
2634
2635
2646
2647
2648
2652
2654
2655
2703
2715
2719
2729
2745
2748
2769
2787
2788
2792
2807
2811
2813
2826
2828
2871
2881
2884
2892
2893
2895
2909
2931
2949
2954
2963
2965
2968
2973
2988
2997
3004
3024
3035
3040
3059
3066
3069
3073
3080
3085
3105
3118
3129
3144
3153
3155
3156
3173
3174
3175
3184
3193
3195
3205
3223
3236
3251
3293
3295
3309
3327
3337
3361
3378
3395
3401
3423
3430
3437
3464
3484
3490
3495
3504
3506
3507
3513
3529
3555
3561
3565
3573
3581
3607
3608
3611
3617
3628
3631
3632
3638
3648
3659
3662
3682
3692
3710
3717
3786
3791
3793
3802
3805
3813
3814
3816
3827
3835
3836
3840
3843
3846
3855
3865
3870
3874
3903
3908
3910
3913
3919
3923
3924
3928
3934
3943
3946
3963
3969
3971
3985
3987
3991
3995
3999
4007
4012
4034
4063
4086
4088
4100
4101
4103
4107
4113
4128
4139
4140
4142
4153
4166
4171
4184
4187
4198
4200
4204
4206
4207
4234
4259
4277
4297
4299
4305
4323
4328
4329
4331
4346
4358
4368
4389
4396
4400
4413
4414
4421
4426
4432
4435
4448
4473
4491
4497
4508
4515
4521
4524
4528
4536
4539
4547
4551
4576
4592
4599
4600
4601
4607
4619
4636
4648
4650
4658
4665
4687
4694
4695
4716
4723
4727
4728
4739
4757
4762
4769
4800
4801
4823
4838
4856
4865
4881
4884
4885
4892
4900
4904
4905
4909
4912
4915
4923
4927
4946
4949
4952
4953
4977
4983
5003
5004
5023
5029
5034
5051
5052
5060
5086
5088
5095
5103
5111
5120
5121
5127
5135
5155
5156
5178
5184
5238
5242
5248
5249
5252
5264
5278
5288
5289
5299
5306
5320
5330
5341
5345
5348
5349
5357
5361
5382
5389
5400
5402
5403
5405
5408
5415
5422
5428
5448
5451
5470
5489
5498
5507
5513
5526
5529
5534
5540
5553
5565
5571
5572
5579
5580
5587
5590
5599
5601
5617
5652
5666
5674
5675
5676
5677
5682
5697
5711
5714
5723
5724
5727
5728
5730
5736
5737
5744
5755
5769
5777
5781
5791
5806
5822
5848
5857
5863
5874
5876
5881
5893
5913
5921
5925
5936
5940
5941
5950
5959
5972
5975
5977
5978
5988
5989
5994
5995
6011
6015
6022
6046
6049
6055
6059
6061
6089
6094
6108
6126
6133
6142
6153
6160
6164
6172
6174
6176
6177
6181
6206
6212
6217
6228
6242
6247
6248
6251
6261
6268
6271
6272
6280
6283
6286
6314
6326
6349
6365
6379
6413
6421
6452
6463
6498
6525
6532
6552
6569
6581
6593
6594
6605
6634
6637
6641
6646
6648
6650
6676
6688
6696
6704
6707
6723
6745
6755
6759
6767
6770
6773
6788
6789
6815
6819
6834
6870
6875
6877
6893
6941
6951
6991
6992
6995
7001
7007
7011
7013
7016
7018
7019
7020
7026
7033
7039
7055
7056
7060
7070
7083
7108
7143
7147
7150
7161
7178
7192
7211
7223
7238
7282
7284
7286
7299
7312
7315
7317
7343
7380
7389
7393
7402
7403
7413
7416
7441
7449
7451
7453
7458
7464
7468
7475
7485
7487
7492
7498
7520
7521
7531
7554
7555
7562
7595
7603
7606
7609
7622
7636
7647
7648
7651
7652
7655
7677
7687
7689
7691
7692
7694
7698
7700
7708
7711
7724
7753
7778
7782
7791
7806
7810
7817
7818
7820
7832
7839
7843
7853
7856
7859
7862
7903
7906
7908
7912
7915
7928
7940
7954
7990
7993
8017
8032
8034
8035
8041
8046
8066
8126
8132
8136
8164
8175
8177
8179
8194
8199
8227
8238
8255
8265
8280
8282
8312
8361
8364
8368
8378
8383
8389
8392
8395
8410
8417
8426
8452
8476
8496
8497
8501
8506
8511
8515
8537
8540
8549
8553
8563
8579
8585
8592
8598
8627
8642
8661
8671
8674
8678
8698
8699
8736
8737
8744
8747
8759
8763
8765
8790
8791
8795
8816
8821
8825
8830
8846
8857
8860
8870
8884
8904
8905
8908
8920
8922
8965
8981
8983
8984
9000
9013
9034
9038
9042
9050
9061
9069
9083
9086
9092
9107
9135
9155
9161
9171
9173
9177
9182
9204
9207
9211
9216
9226
9237
9251
9256
9265
9266
9268
9279
9284
9285
9290
9291
9296
9319
9333
9339
9341
9356
9369
9380
9388
9402
9423
9463
9464
9475
9479
9490
9525
9530
9535
9538
9540
9545
9552
9567
9568
9569
9572
9580
9581
9582
9605
9615
9625
9650
9651
9653
9657
9671
9674
9677
9691
9698
9701
9713
9716
9722
9730
9749
9768
9790
9801
9804
9808
9838
9849
9850
9851
9899
9904
9916
9917
9926
9946
9951
9974
9978
9983
9987
9998
10010
10018
10024
10028
10029
10033
10040
10042
10054
10082
10103
10105
10113
10122
10136
10154
10156
10173
10186
10192
10195
10213
10219
10220
10223
10228
10232
10240
10242
10252
10276
10283
10287
10299
10300
10309
10315
10332
10366
10376
10392
10399
10400
10413
10428
10430
10433
10438
10440
10453
10464
10466
10474
10476
10477
10481
10516
10526
10527
10565
10601
10633
10635
10642
10645
10658
10679
10690
10694
10701
10713
10718
10720
10724
10725
10728
10761
10764
10774
10775
10779
10803
10811
10834
10839
10853
10882
10892
10910
10916
10917
10919
10921
10936
10940
10947
10949
10971
10998
11002
11015
11033
11034
11037
11051
11065
11068
11069
11073
11083
11089
11100
11102
11109
11111
11116
11127
11128
11142
11145
11155
11164
11197
11198
11202
11296
11313
11314
11316
11324
11326
11337
11351
11354
11373
11409
11419
11421
11431
11443
11466
11473
11482
11494
11496
11500
11514
11519
11523
11536
11544
11561
11566
11569
11571
11579
11581
11582
11583
11587
11596
11598
11600
11607
11618
11628
11631
11640
11651
11669
11696
11697
11706
11709
11715
11726
11740
11753
11775
11779
11787
11790
11808
11819
11823
11829
11839
11849
11865
11868
11873
11881
11887
11888
11894
11897
11902
11915
11926
11929
11933
11943
11954
11962
11966
11972
11993
12014
12018
12019
12025
12043
12049
12058
12062
12065
12074
12100
12105
12106
12122
12129
12132
12155
12156
12159
12162
12169
12170
12196
12210
12233
12254
12258
12260
12276
12289
12301
12322
12324
12333
12339
12341
12346
12350
12358
12374
12397
12418
12424
12441
12451
12489
12490
12495
12505
12506
12535
12539
12574
12585
12598
12626
12629
12634
12641
12644
12647
12652
12656
12664
12668
12669
12687
12700
12719
12732
12761
12792
12799
12802
12811
12816
12830
12835
12843
12847
12850
12857
12858
12861
12864
12867
12892
12894
12896
12917
12925
12937
12960
12975
12981
12982
13006
13031
13033
13036
13076
13077
13096
13100
13109
13123
13127
13136
13138
13149
13151
13164
13183
13191
13195
13211
13218
13224
13227
13253
13256
13268
13272
13277
13282
13295
13305
13311
13317
13341
13350
13352
13359
13373
13377
13383
13419
13423
13434
13444
13445
13449
13467
13482
13485
13496
13499
13530
13566
13570
13585
13606
13619
13629
13631
13643
13653
13665
13676
13679
13681
13687
13711
13712
13726
13743
13753
13754
13771
13798
13816
13823
13848
13866
13869
13880
13893
13914
13918
13927
13936
13943
13947
13958
13964
13967
13976
13981
13988
14023
14026
14038
14044
14045
14058
14059
14075
14130
14132
14151
14157
14172
14173
14183
14186
14205
14216
14224
14230
14232
14248
14250
14258
14260
14275
14280
14281
14309
14317
14320
14325
14330
14338
14340
14360
14371
14378
14409
14410
14411
14414
14419
14432
14450
14452
14453
14462
14470
14478
14479
14505
14526
14540
14544
14547
14548
14553
14554
14560
14568
14577
14578
14580
14588
14589
14610
14624
14646
14657
14661
14679
14688
14694
14696
14719
14720
14728
14733
14740
14748
14749
14760
14769
14777
14779
14799
14816
14836
14838
14842
14850
14852
14857
14864
14871
14893
14904
14941
14943
14970
14977
14983
14986
14989
15023
15068
15080
15083
15090
15103
15105
15116
15125
15131
15142
15147
15165
15185
15195
15202
15211
15217
15230
15234
15236
15238
15239
15262
15290
15294
15297
15298
15299
15311
15330
15336
15339
15342
15348
15354
15363
15364
15365
15374
15379
15381
15394
15400
15404
15429
15446
15454
15457
15464
15470
15485
15487
15491
15498
15530
15531
15551
15562
15566
15602
15636
15640
15646
15649
15651
15656
15666
15683
15694
15699
15717
15721
15724
15726
15731
15743
15745
15746
15759
15785
15813
15815
15818
15841
15843
15847
15869
15870
15873
15884
15886
15912
15943
15963
15964
15980
15986
15996
15998
16002
16015
16035
16036
16039
16040
16046
16047
16058
16069
16073
16075
16085
16092
16111
16115
16118
16122
16139
16143
16160
16163
16170
16213
16214
16222
16235
16236
16238
16240
16250
16266
16268
16285
16299
16300
16326
16331
16336
16337
16344
16346
16358
16373
16384
16392
16410
16411
16428
16431
16477
16481
16483
16489
16506
16514
16523
16547
16559
16565
16575
16590
16594
16600
16609
16630
16634
16639
16642
16662
16663
16665
16671
16673
16679
16689
16697
16718
16747
16768
16787
16792
16826
16853
16859
16864
16872
16884
16885
16894
16896
16906
16916
16923
16928
16946
16955
16958
16977
17006
17029
17041
17043
17056
17058
17062
17064
17084
17087
17113
17118
17133
17136
17140
17141
17142
17158
17159
17192
17197
17201
17208
17218
17223
17232
17253
17264
17273
17280
17286
17300
17314
17331
17332
17334
17340
17356
17403
17407
17416
17423
17427
17431
17454
17468
17472
17491
17501
17513
17525
17533
17543
17545
17546
17553
17559
17575
17580
17586
17591
17596
17602
17604
17618
17621
17625
17629
17646
17662
17670
17678
17683
17687
17690
17712
17729
17731
17737
17749
17751
17760
17764
17776
17779
17781
17783
17787
17791
17793
17798
17811
17846
17849
17850
17858
17870
17871
17886
17889
17893
17930
17932
17936
17947
17948
17959
17961
17964
17986
17987
17997
18003
18005
18017
18023
18024
18075
18083
18094
18099
18113
18118
18132
18138
18151
18158
18168
18175
18192
18196
18198
18210
18231
18263
18267
18268
18271
18274
18309
18322
18333
18337
18351
18355
18406
18408
18414
18416
18418
18424
18425
18440
18446
18448
18463
18466
18472
18474
18491
18497
18498
18501
18505
18510
18516
18520
18529
18534
18550
18556
18568
18573
18587
18589
18622
18635
18641
18647
18648
18649
18665
18666
18670
18678
18683
18687
18692
18701
18703
18711
18713
18716
18717
18719
18734
18739
18745
18746
18768
18773
18776
18779
18796
18805
18826
18828
18830
18836
18850
18858
18866
18880
18902
18905
18907
18909
18915
18942
18949
18950
18987
18990
19002
19016
19022
19024
19031
19036
19044
19054
19056
19062
19078
19083
19103
19105
19109
19113
19146
19187
19194
19201
19217
19220
19228
19241
19244
19252
19262
19263
19265
19269
19283
19284
19291
19300
19308
19334
19354
19357
19377
19379
19380
19389
19392
19400
19431
19432
19446
19457
19461
19476
19485
19489
19507
19527
19529
19534
19539
19551
19553
19559
19564
19569
19574
19585
19587
19599
19603
19609
19612
19643
19644
19670
19671
19683
19684
19689
19702
19703
19707
19711
19735
19751
19778
19780
19805
19811
19847
19850
19853
19854
19860
19861
19880
19881
19890
19894
19912
19919
19924
19938
19940
19941
19947
19976
19987
19999
TIME ELAPSED IN NANOSECONDS: 2819278

===========QuickSort Using First Item and 100 Partition Size=============
19
29
43
47
53
57
62
64
66
98
103
112
119
123
134
138
153
180
182
199
202
208
212
216
229
251
252
295
299
310
319
322
355
369
372
375
423
432
448
454
460
466
475
489
490
491
495
535
539
543
546
553
555
579
600
603
604
612
615
617
626
637
657
662
674
677
707
709
710
724
742
765
766
782
792
813
816
826
835
843
853
862
897
901
906
911
919
951
967
968
970
974
990
1017
1047
1068
1080
1089
1098
1100
1104
1109
1110
1154
1167
1193
1194
1205
1234
1253
1264
1273
1278
1286
1297
1308
1319
1322
1333
1348
1349
1366
1391
1412
1461
1474
1482
1494
1503
1512
1534
1565
1571
1583
1597
1598
1610
1614
1619
1623
1638
1650
1676
1693
1703
1714
1723
1730
1756
1757
1759
1764
1771
1772
1778
1789
1792
1796
1804
1810
1818
1872
1891
1914
1927
1928
1936
1970
1975
1976
1977
1993
2004
2022
2032
2033
2034
2037
2049
2101
2111
2114
2115
2130
2158
2196
2201
2224
2231
2237
2242
2243
2259
2263
2312
2323
2324
2357
2358
2384
2418
2440
2445
2446
2467
2468
2504
2509
2517
2565
2600
2608
2611
2614
2617
2634
2635
2646
2647
2648
2652
2654
2655
2703
2715
2719
2729
2745
2748
2769
2787
2788
2792
2807
2811
2813
2826
2828
2871
2881
2884
2892
2893
2895
2909
2931
2949
2954
2963
2965
2968
2973
2988
2997
3004
3024
3035
3040
3059
3066
3069
3073
3080
3085
3105
3118
3129
3144
3153
3155
3156
3173
3174
3175
3184
3193
3195
3205
3223
3236
3251
3293
3295
3309
3327
3337
3361
3378
3395
3401
3423
3430
3437
3464
3484
3490
3495
3504
3506
3507
3513
3529
3555
3561
3565
3573
3581
3607
3608
3611
3617
3628
3631
3632
3638
3648
3659
3662
3682
3692
3710
3717
3786
3791
3793
3802
3805
3813
3814
3816
3827
3835
3836
3840
3843
3846
3855
3865
3870
3874
3903
3908
3910
3913
3919
3923
3924
3928
3934
3943
3946
3963
3969
3971
3985
3987
3991
3995
3999
4007
4012
4034
4063
4086
4088
4100
4101
4103
4107
4113
4128
4139
4140
4142
4153
4166
4171
4184
4187
4198
4200
4204
4206
4207
4234
4259
4277
4297
4299
4305
4323
4328
4329
4331
4346
4358
4368
4389
4396
4400
4413
4414
4421
4426
4432
4435
4448
4473
4491
4497
4508
4515
4521
4524
4528
4536
4539
4547
4551
4576
4592
4599
4600
4601
4607
4619
4636
4648
4650
4658
4665
4687
4694
4695
4716
4723
4727
4728
4739
4757
4762
4769
4800
4801
4823
4838
4856
4865
4881
4884
4885
4892
4900
4904
4905
4909
4912
4915
4923
4927
4946
4949
4952
4953
4977
4983
5003
5004
5023
5029
5034
5051
5052
5060
5086
5088
5095
5103
5111
5120
5121
5127
5135
5155
5156
5178
5184
5238
5242
5248
5249
5252
5264
5278
5288
5289
5299
5306
5320
5330
5341
5345
5348
5349
5357
5361
5382
5389
5400
5402
5403
5405
5408
5415
5422
5428
5448
5451
5470
5489
5498
5507
5513
5526
5529
5534
5540
5553
5565
5571
5572
5579
5580
5587
5590
5599
5601
5617
5652
5666
5674
5675
5676
5677
5682
5697
5711
5714
5723
5724
5727
5728
5730
5736
5737
5744
5755
5769
5777
5781
5791
5806
5822
5848
5857
5863
5874
5876
5881
5893
5913
5921
5925
5936
5940
5941
5950
5959
5972
5975
5977
5978
5988
5989
5994
5995
6011
6015
6022
6046
6049
6055
6059
6061
6089
6094
6108
6126
6133
6142
6153
6160
6164
6172
6174
6176
6177
6181
6206
6212
6217
6228
6242
6247
6248
6251
6261
6268
6271
6272
6280
6283
6286
6314
6326
6349
6365
6379
6413
6421
6452
6463
6498
6525
6532
6552
6569
6581
6593
6594
6605
6634
6637
6641
6646
6648
6650
6676
6688
6696
6704
6707
6723
6745
6755
6759
6767
6770
6773
6788
6789
6815
6819
6834
6870
6875
6877
6893
6941
6951
6991
6992
6995
7001
7007
7011
7013
7016
7018
7019
7020
7026
7033
7039
7055
7056
7060
7070
7083
7108
7143
7147
7150
7161
7178
7192
7211
7223
7238
7282
7284
7286
7299
7312
7315
7317
7343
7380
7389
7393
7402
7403
7413
7416
7441
7449
7451
7453
7458
7464
7468
7475
7485
7487
7492
7498
7520
7521
7531
7554
7555
7562
7595
7603
7606
7609
7622
7636
7647
7648
7651
7652
7655
7677
7687
7689
7691
7692
7694
7698
7700
7708
7711
7724
7753
7778
7782
7791
7806
7810
7817
7818
7820
7832
7839
7843
7853
7856
7859
7862
7903
7906
7908
7912
7915
7928
7940
7954
7990
7993
8017
8032
8034
8035
8041
8046
8066
8126
8132
8136
8164
8175
8177
8179
8194
8199
8227
8238
8255
8265
8280
8282
8312
8361
8364
8368
8378
8383
8389
8392
8395
8410
8417
8426
8452
8476
8496
8497
8501
8506
8511
8515
8537
8540
8549
8553
8563
8579
8585
8592
8598
8627
8642
8661
8671
8674
8678
8698
8699
8736
8737
8744
8747
8759
8763
8765
8790
8791
8795
8816
8821
8825
8830
8846
8857
8860
8870
8884
8904
8905
8908
8920
8922
8965
8981
8983
8984
9000
9013
9034
9038
9042
9050
9061
9069
9083
9086
9092
9107
9135
9155
9161
9171
9173
9177
9182
9204
9207
9211
9216
9226
9237
9251
9256
9265
9266
9268
9279
9284
9285
9290
9291
9296
9319
9333
9339
9341
9356
9369
9380
9388
9402
9423
9463
9464
9475
9479
9490
9525
9530
9535
9538
9540
9545
9552
9567
9568
9569
9572
9580
9581
9582
9605
9615
9625
9650
9651
9653
9657
9671
9674
9677
9691
9698
9701
9713
9716
9722
9730
9749
9768
9790
9801
9804
9808
9838
9849
9850
9851
9899
9904
9916
9917
9926
9946
9951
9974
9978
9983
9987
9998
10010
10018
10024
10028
10029
10033
10040
10042
10054
10082
10103
10105
10113
10122
10136
10154
10156
10173
10186
10192
10195
10213
10219
10220
10223
10228
10232
10240
10242
10252
10276
10283
10287
10299
10300
10309
10315
10332
10366
10376
10392
10399
10400
10413
10428
10430
10433
10438
10440
10453
10464
10466
10474
10476
10477
10481
10516
10526
10527
10565
10601
10633
10635
10642
10645
10658
10679
10690
10694
10701
10713
10718
10720
10724
10725
10728
10761
10764
10774
10775
10779
10803
10811
10834
10839
10853
10882
10892
10910
10916
10917
10919
10921
10936
10940
10947
10949
10971
10998
11002
11015
11033
11034
11037
11051
11065
11068
11069
11073
11083
11089
11100
11102
11109
11111
11116
11127
11128
11142
11145
11155
11164
11197
11198
11202
11296
11313
11314
11316
11324
11326
11337
11351
11354
11373
11409
11419
11421
11431
11443
11466
11473
11482
11494
11496
11500
11514
11519
11523
11536
11544
11561
11566
11569
11571
11579
11581
11582
11583
11587
11596
11598
11600
11607
11618
11628
11631
11640
11651
11669
11696
11697
11706
11709
11715
11726
11740
11753
11775
11779
11787
11790
11808
11819
11823
11829
11839
11849
11865
11868
11873
11881
11887
11888
11894
11897
11902
11915
11926
11929
11933
11943
11954
11962
11966
11972
11993
12014
12018
12019
12025
12043
12049
12058
12062
12065
12074
12100
12105
12106
12122
12129
12132
12155
12156
12159
12162
12169
12170
12196
12210
12233
12254
12258
12260
12276
12289
12301
12322
12324
12333
12339
12341
12346
12350
12358
12374
12397
12418
12424
12441
12451
12489
12490
12495
12505
12506
12535
12539
12574
12585
12598
12626
12629
12634
12641
12644
12647
12652
12656
12664
12668
12669
12687
12700
12719
12732
12761
12792
12799
12802
12811
12816
12830
12835
12843
12847
12850
12857
12858
12861
12864
12867
12892
12894
12896
12917
12925
12937
12960
12975
12981
12982
13006
13031
13033
13036
13076
13077
13096
13100
13109
13123
13127
13136
13138
13149
13151
13164
13183
13191
13195
13211
13218
13224
13227
13253
13256
13268
13272
13277
13282
13295
13305
13311
13317
13341
13350
13352
13359
13373
13377
13383
13419
13423
13434
13444
13445
13449
13467
13482
13485
13496
13499
13530
13566
13570
13585
13606
13619
13629
13631
13643
13653
13665
13676
13679
13681
13687
13711
13712
13726
13743
13753
13754
13771
13798
13816
13823
13848
13866
13869
13880
13893
13914
13918
13927
13936
13943
13947
13958
13964
13967
13976
13981
13988
14023
14026
14038
14044
14045
14058
14059
14075
14130
14132
14151
14157
14172
14173
14183
14186
14205
14216
14224
14230
14232
14248
14250
14258
14260
14275
14280
14281
14309
14317
14320
14325
14330
14338
14340
14360
14371
14378
14409
14410
14411
14414
14419
14432
14450
14452
14453
14462
14470
14478
14479
14505
14526
14540
14544
14547
14548
14553
14554
14560
14568
14577
14578
14580
14588
14589
14610
14624
14646
14657
14661
14679
14688
14694
14696
14719
14720
14728
14733
14740
14748
14749
14760
14769
14777
14779
14799
14816
14836
14838
14842
14850
14852
14857
14864
14871
14893
14904
14941
14943
14970
14977
14983
14986
14989
15023
15068
15080
15083
15090
15103
15105
15116
15125
15131
15142
15147
15165
15185
15195
15202
15211
15217
15230
15234
15236
15238
15239
15262
15290
15294
15297
15298
15299
15311
15330
15336
15339
15342
15348
15354
15363
15364
15365
15374
15379
15381
15394
15400
15404
15429
15446
15454
15457
15464
15470
15485
15487
15491
15498
15530
15531
15551
15562
15566
15602
15636
15640
15646
15649
15651
15656
15666
15683
15694
15699
15717
15721
15724
15726
15731
15743
15745
15746
15759
15785
15813
15815
15818
15841
15843
15847
15869
15870
15873
15884
15886
15912
15943
15963
15964
15980
15986
15996
15998
16002
16015
16035
16036
16039
16040
16046
16047
16058
16069
16073
16075
16085
16092
16111
16115
16118
16122
16139
16143
16160
16163
16170
16213
16214
16222
16235
16236
16238
16240
16250
16266
16268
16285
16299
16300
16326
16331
16336
16337
16344
16346
16358
16373
16384
16392
16410
16411
16428
16431
16477
16481
16483
16489
16506
16514
16523
16547
16559
16565
16575
16590
16594
16600
16609
16630
16634
16639
16642
16662
16663
16665
16671
16673
16679
16689
16697
16718
16747
16768
16787
16792
16826
16853
16859
16864
16872
16884
16885
16894
16896
16906
16916
16923
16928
16946
16955
16958
16977
17006
17029
17041
17043
17056
17058
17062
17064
17084
17087
17113
17118
17133
17136
17140
17141
17142
17158
17159
17192
17197
17201
17208
17218
17223
17232
17253
17264
17273
17280
17286
17300
17314
17331
17332
17334
17340
17356
17403
17407
17416
17423
17427
17431
17454
17468
17472
17491
17501
17513
17525
17533
17543
17545
17546
17553
17559
17575
17580
17586
17591
17596
17602
17604
17618
17621
17625
17629
17646
17662
17670
17678
17683
17687
17690
17712
17729
17731
17737
17749
17751
17760
17764
17776
17779
17781
17783
17787
17791
17793
17798
17811
17846
17849
17850
17858
17870
17871
17886
17889
17893
17930
17932
17936
17947
17948
17959
17961
17964
17986
17987
17997
18003
18005
18017
18023
18024
18075
18083
18094
18099
18113
18118
18132
18138
18151
18158
18168
18175
18192
18196
18198
18210
18231
18263
18267
18268
18271
18274
18309
18322
18333
18337
18351
18355
18406
18408
18414
18416
18418
18424
18425
18440
18446
18448
18463
18466
18472
18474
18491
18497
18498
18501
18505
18510
18516
18520
18529
18534
18550
18556
18568
18573
18587
18589
18622
18635
18641
18647
18648
18649
18665
18666
18670
18678
18683
18687
18692
18701
18703
18711
18713
18716
18717
18719
18734
18739
18745
18746
18768
18773
18776
18779
18796
18805
18826
18828
18830
18836
18850
18858
18866
18880
18902
18905
18907
18909
18915
18942
18949
18950
18987
18990
19002
19016
19022
19024
19031
19036
19044
19054
19056
19062
19078
19083
19103
19105
19109
19113
19146
19187
19194
19201
19217
19220
19228
19241
19244
19252
19262
19263
19265
19269
19283
19284
19291
19300
19308
19334
19354
19357
19377
19379
19380
19389
19392
19400
19431
19432
19446
19457
19461
19476
19485
19489
19507
19527
19529
19534
19539
19551
19553
19559
19564
19569
19574
19585
19587
19599
19603
19609
19612
19643
19644
19670
19671
19683
19684
19689
19702
19703
19707
19711
19735
19751
19778
19780
19805
19811
19847
19850
19853
19854
19860
19861
19880
19881
19890
19894
19912
19919
19924
19938
19940
19941
19947
19976
19987
19999
TIME ELAPSED IN NANOSECONDS: 3384764

===========QuickSort Using First Item and 50 Partition Size=============
19
29
43
47
53
57
62
64
66
98
103
112
119
123
134
138
153
180
182
199
202
208
212
216
229
251
252
295
299
310
319
322
355
369
372
375
423
432
448
454
460
466
475
489
490
491
495
535
539
543
546
553
555
579
600
603
604
612
615
617
626
637
657
662
674
677
707
709
710
724
742
765
766
782
792
813
816
826
835
843
853
862
897
901
906
911
919
951
967
968
970
974
990
1017
1047
1068
1080
1089
1098
1100
1104
1109
1110
1154
1167
1193
1194
1205
1234
1253
1264
1273
1278
1286
1297
1308
1319
1322
1333
1348
1349
1366
1391
1412
1461
1474
1482
1494
1503
1512
1534
1565
1571
1583
1597
1598
1610
1614
1619
1623
1638
1650
1676
1693
1703
1714
1723
1730
1756
1757
1759
1764
1771
1772
1778
1789
1792
1796
1804
1810
1818
1872
1891
1914
1927
1928
1936
1970
1975
1976
1977
1993
2004
2022
2032
2033
2034
2037
2049
2101
2111
2114
2115
2130
2158
2196
2201
2224
2231
2237
2242
2243
2259
2263
2312
2323
2324
2357
2358
2384
2418
2440
2445
2446
2467
2468
2504
2509
2517
2565
2600
2608
2611
2614
2617
2634
2635
2646
2647
2648
2652
2654
2655
2703
2715
2719
2729
2745
2748
2769
2787
2788
2792
2807
2811
2813
2826
2828
2871
2881
2884
2892
2893
2895
2909
2931
2949
2954
2963
2965
2968
2973
2988
2997
3004
3024
3035
3040
3059
3066
3069
3073
3080
3085
3105
3118
3129
3144
3153
3155
3156
3173
3174
3175
3184
3193
3195
3205
3223
3236
3251
3293
3295
3309
3327
3337
3361
3378
3395
3401
3423
3430
3437
3464
3484
3490
3495
3504
3506
3507
3513
3529
3555
3561
3565
3573
3581
3607
3608
3611
3617
3628
3631
3632
3638
3648
3659
3662
3682
3692
3710
3717
3786
3791
3793
3802
3805
3813
3814
3816
3827
3835
3836
3840
3843
3846
3855
3865
3870
3874
3903
3908
3910
3913
3919
3923
3924
3928
3934
3943
3946
3963
3969
3971
3985
3987
3991
3995
3999
4007
4012
4034
4063
4086
4088
4100
4101
4103
4107
4113
4128
4139
4140
4142
4153
4166
4171
4184
4187
4198
4200
4204
4206
4207
4234
4259
4277
4297
4299
4305
4323
4328
4329
4331
4346
4358
4368
4389
4396
4400
4413
4414
4421
4426
4432
4435
4448
4473
4491
4497
4508
4515
4521
4524
4528
4536
4539
4547
4551
4576
4592
4599
4600
4601
4607
4619
4636
4648
4650
4658
4665
4687
4694
4695
4716
4723
4727
4728
4739
4757
4762
4769
4800
4801
4823
4838
4856
4865
4881
4884
4885
4892
4900
4904
4905
4909
4912
4915
4923
4927
4946
4949
4952
4953
4977
4983
5003
5004
5023
5029
5034
5051
5052
5060
5086
5088
5095
5103
5111
5120
5121
5127
5135
5155
5156
5178
5184
5238
5242
5248
5249
5252
5264
5278
5288
5289
5299
5306
5320
5330
5341
5345
5348
5349
5357
5361
5382
5389
5400
5402
5403
5405
5408
5415
5422
5428
5448
5451
5470
5489
5498
5507
5513
5526
5529
5534
5540
5553
5565
5571
5572
5579
5580
5587
5590
5599
5601
5617
5652
5666
5674
5675
5676
5677
5682
5697
5711
5714
5723
5724
5727
5728
5730
5736
5737
5744
5755
5769
5777
5781
5791
5806
5822
5848
5857
5863
5874
5876
5881
5893
5913
5921
5925
5936
5940
5941
5950
5959
5972
5975
5977
5978
5988
5989
5994
5995
6011
6015
6022
6046
6049
6055
6059
6061
6089
6094
6108
6126
6133
6142
6153
6160
6164
6172
6174
6176
6177
6181
6206
6212
6217
6228
6242
6247
6248
6251
6261
6268
6271
6272
6280
6283
6286
6314
6326
6349
6365
6379
6413
6421
6452
6463
6498
6525
6532
6552
6569
6581
6593
6594
6605
6634
6637
6641
6646
6648
6650
6676
6688
6696
6704
6707
6723
6745
6755
6759
6767
6770
6773
6788
6789
6815
6819
6834
6870
6875
6877
6893
6941
6951
6991
6992
6995
7001
7007
7011
7013
7016
7018
7019
7020
7026
7033
7039
7055
7056
7060
7070
7083
7108
7143
7147
7150
7161
7178
7192
7211
7223
7238
7282
7284
7286
7299
7312
7315
7317
7343
7380
7389
7393
7402
7403
7413
7416
7441
7449
7451
7453
7458
7464
7468
7475
7485
7487
7492
7498
7520
7521
7531
7554
7555
7562
7595
7603
7606
7609
7622
7636
7647
7648
7651
7652
7655
7677
7687
7689
7691
7692
7694
7698
7700
7708
7711
7724
7753
7778
7782
7791
7806
7810
7817
7818
7820
7832
7839
7843
7853
7856
7859
7862
7903
7906
7908
7912
7915
7928
7940
7954
7990
7993
8017
8032
8034
8035
8041
8046
8066
8126
8132
8136
8164
8175
8177
8179
8194
8199
8227
8238
8255
8265
8280
8282
8312
8361
8364
8368
8378
8383
8389
8392
8395
8410
8417
8426
8452
8476
8496
8497
8501
8506
8511
8515
8537
8540
8549
8553
8563
8579
8585
8592
8598
8627
8642
8661
8671
8674
8678
8698
8699
8736
8737
8744
8747
8759
8763
8765
8790
8791
8795
8816
8821
8825
8830
8846
8857
8860
8870
8884
8904
8905
8908
8920
8922
8965
8981
8983
8984
9000
9013
9034
9038
9042
9050
9061
9069
9083
9086
9092
9107
9135
9155
9161
9171
9173
9177
9182
9204
9207
9211
9216
9226
9237
9251
9256
9265
9266
9268
9279
9284
9285
9290
9291
9296
9319
9333
9339
9341
9356
9369
9380
9388
9402
9423
9463
9464
9475
9479
9490
9525
9530
9535
9538
9540
9545
9552
9567
9568
9569
9572
9580
9581
9582
9605
9615
9625
9650
9651
9653
9657
9671
9674
9677
9691
9698
9701
9713
9716
9722
9730
9749
9768
9790
9801
9804
9808
9838
9849
9850
9851
9899
9904
9916
9917
9926
9946
9951
9974
9978
9983
9987
9998
10010
10018
10024
10028
10029
10033
10040
10042
10054
10082
10103
10105
10113
10122
10136
10154
10156
10173
10186
10192
10195
10213
10219
10220
10223
10228
10232
10240
10242
10252
10276
10283
10287
10299
10300
10309
10315
10332
10366
10376
10392
10399
10400
10413
10428
10430
10433
10438
10440
10453
10464
10466
10474
10476
10477
10481
10516
10526
10527
10565
10601
10633
10635
10642
10645
10658
10679
10690
10694
10701
10713
10718
10720
10724
10725
10728
10761
10764
10774
10775
10779
10803
10811
10834
10839
10853
10882
10892
10910
10916
10917
10919
10921
10936
10940
10947
10949
10971
10998
11002
11015
11033
11034
11037
11051
11065
11068
11069
11073
11083
11089
11100
11102
11109
11111
11116
11127
11128
11142
11145
11155
11164
11197
11198
11202
11296
11313
11314
11316
11324
11326
11337
11351
11354
11373
11409
11419
11421
11431
11443
11466
11473
11482
11494
11496
11500
11514
11519
11523
11536
11544
11561
11566
11569
11571
11579
11581
11582
11583
11587
11596
11598
11600
11607
11618
11628
11631
11640
11651
11669
11696
11697
11706
11709
11715
11726
11740
11753
11775
11779
11787
11790
11808
11819
11823
11829
11839
11849
11865
11868
11873
11881
11887
11888
11894
11897
11902
11915
11926
11929
11933
11943
11954
11962
11966
11972
11993
12014
12018
12019
12025
12043
12049
12058
12062
12065
12074
12100
12105
12106
12122
12129
12132
12155
12156
12159
12162
12169
12170
12196
12210
12233
12254
12258
12260
12276
12289
12301
12322
12324
12333
12339
12341
12346
12350
12358
12374
12397
12418
12424
12441
12451
12489
12490
12495
12505
12506
12535
12539
12574
12585
12598
12626
12629
12634
12641
12644
12647
12652
12656
12664
12668
12669
12687
12700
12719
12732
12761
12792
12799
12802
12811
12816
12830
12835
12843
12847
12850
12857
12858
12861
12864
12867
12892
12894
12896
12917
12925
12937
12960
12975
12981
12982
13006
13031
13033
13036
13076
13077
13096
13100
13109
13123
13127
13136
13138
13149
13151
13164
13183
13191
13195
13211
13218
13224
13227
13253
13256
13268
13272
13277
13282
13295
13305
13311
13317
13341
13350
13352
13359
13373
13377
13383
13419
13423
13434
13444
13445
13449
13467
13482
13485
13496
13499
13530
13566
13570
13585
13606
13619
13629
13631
13643
13653
13665
13676
13679
13681
13687
13711
13712
13726
13743
13753
13754
13771
13798
13816
13823
13848
13866
13869
13880
13893
13914
13918
13927
13936
13943
13947
13958
13964
13967
13976
13981
13988
14023
14026
14038
14044
14045
14058
14059
14075
14130
14132
14151
14157
14172
14173
14183
14186
14205
14216
14224
14230
14232
14248
14250
14258
14260
14275
14280
14281
14309
14317
14320
14325
14330
14338
14340
14360
14371
14378
14409
14410
14411
14414
14419
14432
14450
14452
14453
14462
14470
14478
14479
14505
14526
14540
14544
14547
14548
14553
14554
14560
14568
14577
14578
14580
14588
14589
14610
14624
14646
14657
14661
14679
14688
14694
14696
14719
14720
14728
14733
14740
14748
14749
14760
14769
14777
14779
14799
14816
14836
14838
14842
14850
14852
14857
14864
14871
14893
14904
14941
14943
14970
14977
14983
14986
14989
15023
15068
15080
15083
15090
15103
15105
15116
15125
15131
15142
15147
15165
15185
15195
15202
15211
15217
15230
15234
15236
15238
15239
15262
15290
15294
15297
15298
15299
15311
15330
15336
15339
15342
15348
15354
15363
15364
15365
15374
15379
15381
15394
15400
15404
15429
15446
15454
15457
15464
15470
15485
15487
15491
15498
15530
15531
15551
15562
15566
15602
15636
15640
15646
15649
15651
15656
15666
15683
15694
15699
15717
15721
15724
15726
15731
15743
15745
15746
15759
15785
15813
15815
15818
15841
15843
15847
15869
15870
15873
15884
15886
15912
15943
15963
15964
15980
15986
15996
15998
16002
16015
16035
16036
16039
16040
16046
16047
16058
16069
16073
16075
16085
16092
16111
16115
16118
16122
16139
16143
16160
16163
16170
16213
16214
16222
16235
16236
16238
16240
16250
16266
16268
16285
16299
16300
16326
16331
16336
16337
16344
16346
16358
16373
16384
16392
16410
16411
16428
16431
16477
16481
16483
16489
16506
16514
16523
16547
16559
16565
16575
16590
16594
16600
16609
16630
16634
16639
16642
16662
16663
16665
16671
16673
16679
16689
16697
16718
16747
16768
16787
16792
16826
16853
16859
16864
16872
16884
16885
16894
16896
16906
16916
16923
16928
16946
16955
16958
16977
17006
17029
17041
17043
17056
17058
17062
17064
17084
17087
17113
17118
17133
17136
17140
17141
17142
17158
17159
17192
17197
17201
17208
17218
17223
17232
17253
17264
17273
17280
17286
17300
17314
17331
17332
17334
17340
17356
17403
17407
17416
17423
17427
17431
17454
17468
17472
17491
17501
17513
17525
17533
17543
17545
17546
17553
17559
17575
17580
17586
17591
17596
17602
17604
17618
17621
17625
17629
17646
17662
17670
17678
17683
17687
17690
17712
17729
17731
17737
17749
17751
17760
17764
17776
17779
17781
17783
17787
17791
17793
17798
17811
17846
17849
17850
17858
17870
17871
17886
17889
17893
17930
17932
17936
17947
17948
17959
17961
17964
17986
17987
17997
18003
18005
18017
18023
18024
18075
18083
18094
18099
18113
18118
18132
18138
18151
18158
18168
18175
18192
18196
18198
18210
18231
18263
18267
18268
18271
18274
18309
18322
18333
18337
18351
18355
18406
18408
18414
18416
18418
18424
18425
18440
18446
18448
18463
18466
18472
18474
18491
18497
18498
18501
18505
18510
18516
18520
18529
18534
18550
18556
18568
18573
18587
18589
18622
18635
18641
18647
18648
18649
18665
18666
18670
18678
18683
18687
18692
18701
18703
18711
18713
18716
18717
18719
18734
18739
18745
18746
18768
18773
18776
18779
18796
18805
18826
18828
18830
18836
18850
18858
18866
18880
18902
18905
18907
18909
18915
18942
18949
18950
18987
18990
19002
19016
19022
19024
19031
19036
19044
19054
19056
19062
19078
19083
19103
19105
19109
19113
19146
19187
19194
19201
19217
19220
19228
19241
19244
19252
19262
19263
19265
19269
19283
19284
19291
19300
19308
19334
19354
19357
19377
19379
19380
19389
19392
19400
19431
19432
19446
19457
19461
19476
19485
19489
19507
19527
19529
19534
19539
19551
19553
19559
19564
19569
19574
19585
19587
19599
19603
19609
19612
19643
19644
19670
19671
19683
19684
19689
19702
19703
19707
19711
19735
19751
19778
19780
19805
19811
19847
19850
19853
19854
19860
19861
19880
19881
19890
19894
19912
19919
19924
19938
19940
19941
19947
19976
19987
19999
TIME ELAPSED IN NANOSECONDS: 3864640

===========QuickSort Using Median Item and Smallest Partition Size=============
19
29
43
47
53
57
62
64
66
98
103
112
119
123
134
138
153
180
182
199
202
208
212
216
229
251
252
295
299
310
319
322
355
369
372
375
423
432
448
454
460
466
475
489
490
491
495
535
539
543
546
553
555
579
600
603
604
612
615
617
626
637
657
662
674
677
707
709
710
724
742
765
766
782
792
813
816
826
835
843
853
862
897
901
906
911
919
951
967
968
970
974
990
1017
1047
1068
1080
1089
1098
1100
1104
1109
1110
1154
1167
1193
1194
1205
1234
1253
1264
1273
1278
1286
1297
1308
1319
1322
1333
1348
1349
1366
1391
1412
1461
1474
1482
1494
1503
1512
1534
1565
1571
1583
1597
1598
1610
1614
1619
1623
1638
1650
1676
1693
1703
1714
1723
1730
1756
1757
1759
1764
1771
1772
1778
1789
1792
1796
1804
1810
1818
1872
1891
1914
1927
1928
1936
1970
1975
1976
1977
1993
2004
2022
2032
2033
2034
2037
2049
2101
2111
2114
2115
2130
2158
2196
2201
2224
2231
2237
2242
2243
2259
2263
2312
2323
2324
2357
2358
2384
2418
2440
2445
2446
2467
2468
2504
2509
2517
2565
2600
2608
2611
2614
2617
2634
2635
2646
2647
2648
2652
2654
2655
2703
2715
2719
2729
2745
2748
2769
2787
2788
2792
2807
2811
2813
2826
2828
2871
2881
2884
2892
2893
2895
2909
2931
2949
2954
2963
2965
2968
2973
2988
2997
3004
3024
3035
3040
3059
3066
3069
3073
3080
3085
3105
3118
3129
3144
3153
3155
3156
3173
3174
3175
3184
3193
3195
3205
3223
3236
3251
3293
3295
3309
3327
3337
3361
3378
3395
3401
3423
3430
3437
3464
3484
3490
3495
3504
3506
3507
3513
3529
3555
3561
3565
3573
3581
3607
3608
3611
3617
3628
3631
3632
3638
3648
3659
3662
3682
3692
3710
3717
3786
3791
3793
3802
3805
3813
3814
3816
3827
3835
3836
3840
3843
3846
3855
3865
3870
3874
3903
3908
3910
3913
3919
3923
3924
3928
3934
3943
3946
3963
3969
3971
3985
3987
3991
3995
3999
4007
4012
4034
4063
4086
4088
4100
4101
4103
4107
4113
4128
4139
4140
4142
4153
4166
4171
4184
4187
4198
4200
4204
4206
4207
4234
4259
4277
4297
4299
4305
4323
4328
4329
4331
4346
4358
4368
4389
4396
4400
4413
4414
4421
4426
4432
4435
4448
4473
4491
4497
4508
4515
4521
4524
4528
4536
4539
4547
4551
4576
4592
4599
4600
4601
4607
4619
4636
4648
4650
4658
4665
4687
4694
4695
4716
4723
4727
4728
4739
4757
4762
4769
4800
4801
4823
4838
4856
4865
4881
4884
4885
4892
4900
4904
4905
4909
4912
4915
4923
4927
4946
4949
4952
4953
4977
4983
5003
5004
5023
5029
5034
5051
5052
5060
5086
5088
5095
5103
5111
5120
5121
5127
5135
5155
5156
5178
5184
5238
5242
5248
5249
5252
5264
5278
5288
5289
5299
5306
5320
5330
5341
5345
5348
5349
5357
5361
5382
5389
5400
5402
5403
5405
5408
5415
5422
5428
5448
5451
5470
5489
5498
5507
5513
5526
5529
5534
5540
5553
5565
5571
5572
5579
5580
5587
5590
5599
5601
5617
5652
5666
5674
5675
5676
5677
5682
5697
5711
5714
5723
5724
5727
5728
5730
5736
5737
5744
5755
5769
5777
5781
5791
5806
5822
5848
5857
5863
5874
5876
5881
5893
5913
5921
5925
5936
5940
5941
5950
5959
5972
5975
5977
5978
5988
5989
5994
5995
6011
6015
6022
6046
6049
6055
6059
6061
6089
6094
6108
6126
6133
6142
6153
6160
6164
6172
6174
6176
6177
6181
6206
6212
6217
6228
6242
6247
6248
6251
6261
6268
6271
6272
6280
6283
6286
6314
6326
6349
6365
6379
6413
6421
6452
6463
6498
6525
6532
6552
6569
6581
6593
6594
6605
6634
6637
6641
6646
6648
6650
6676
6688
6696
6704
6707
6723
6745
6755
6759
6767
6770
6773
6788
6789
6815
6819
6834
6870
6875
6877
6893
6941
6951
6991
6992
6995
7001
7007
7011
7013
7016
7018
7019
7020
7026
7033
7039
7055
7056
7060
7070
7083
7108
7143
7147
7150
7161
7178
7192
7211
7223
7238
7282
7284
7286
7299
7312
7315
7317
7343
7380
7389
7393
7402
7403
7413
7416
7441
7449
7451
7453
7458
7464
7468
7475
7485
7487
7492
7498
7520
7521
7531
7554
7555
7562
7595
7603
7606
7609
7622
7636
7647
7648
7651
7652
7655
7677
7687
7689
7691
7692
7694
7698
7700
7708
7711
7724
7753
7778
7782
7791
7806
7810
7817
7818
7820
7832
7839
7843
7853
7856
7859
7862
7903
7906
7908
7912
7915
7928
7940
7954
7990
7993
8017
8032
8034
8035
8041
8046
8066
8126
8132
8136
8164
8175
8177
8179
8194
8199
8227
8238
8255
8265
8280
8282
8312
8361
8364
8368
8378
8383
8389
8392
8395
8410
8417
8426
8452
8476
8496
8497
8501
8506
8511
8515
8537
8540
8549
8553
8563
8579
8585
8592
8598
8627
8642
8661
8671
8674
8678
8698
8699
8736
8737
8744
8747
8759
8763
8765
8790
8791
8795
8816
8821
8825
8830
8846
8857
8860
8870
8884
8904
8905
8908
8920
8922
8965
8981
8983
8984
9000
9013
9034
9038
9042
9050
9061
9069
9083
9086
9092
9107
9135
9155
9161
9171
9173
9177
9182
9204
9207
9211
9216
9226
9237
9251
9256
9265
9266
9268
9279
9284
9285
9290
9291
9296
9319
9333
9339
9341
9356
9369
9380
9388
9402
9423
9463
9464
9475
9479
9490
9525
9530
9535
9538
9540
9545
9552
9567
9568
9569
9572
9580
9581
9582
9605
9615
9625
9650
9651
9653
9657
9671
9674
9677
9691
9698
9701
9713
9716
9722
9730
9749
9768
9790
9801
9804
9808
9838
9849
9850
9851
9899
9904
9916
9917
9926
9946
9951
9974
9978
9983
9987
9998
10010
10018
10024
10028
10029
10033
10040
10042
10054
10082
10103
10105
10113
10122
10136
10154
10156
10173
10186
10192
10195
10213
10219
10220
10223
10228
10232
10240
10242
10252
10276
10283
10287
10299
10300
10309
10315
10332
10366
10376
10392
10399
10400
10413
10428
10430
10433
10438
10440
10453
10464
10466
10474
10476
10477
10481
10516
10526
10527
10565
10601
10633
10635
10642
10645
10658
10679
10690
10694
10701
10713
10718
10720
10724
10725
10728
10761
10764
10774
10775
10779
10803
10811
10834
10839
10853
10882
10892
10910
10916
10917
10919
10921
10936
10940
10947
10949
10971
10998
11002
11015
11033
11034
11037
11051
11065
11068
11069
11073
11083
11089
11100
11102
11109
11111
11116
11127
11128
11142
11145
11155
11164
11197
11198
11202
11296
11313
11314
11316
11324
11326
11337
11351
11354
11373
11409
11419
11421
11431
11443
11466
11473
11482
11494
11496
11500
11514
11519
11523
11536
11544
11561
11566
11569
11571
11579
11581
11582
11583
11587
11596
11598
11600
11607
11618
11628
11631
11640
11651
11669
11696
11697
11706
11709
11715
11726
11740
11753
11775
11779
11787
11790
11808
11819
11823
11829
11839
11849
11865
11868
11873
11881
11887
11888
11894
11897
11902
11915
11926
11929
11933
11943
11954
11962
11966
11972
11993
12014
12018
12019
12025
12043
12049
12058
12062
12065
12074
12100
12105
12106
12122
12129
12132
12155
12156
12159
12162
12169
12170
12196
12210
12233
12254
12258
12260
12276
12289
12301
12322
12324
12333
12339
12341
12346
12350
12358
12374
12397
12418
12424
12441
12451
12489
12490
12495
12505
12506
12535
12539
12574
12585
12598
12626
12629
12634
12641
12644
12647
12652
12656
12664
12668
12669
12687
12700
12719
12732
12761
12792
12799
12802
12811
12816
12830
12835
12843
12847
12850
12857
12858
12861
12864
12867
12892
12894
12896
12917
12925
12937
12960
12975
12981
12982
13006
13031
13033
13036
13076
13077
13096
13100
13109
13123
13127
13136
13138
13149
13151
13164
13183
13191
13195
13211
13218
13224
13227
13253
13256
13268
13272
13277
13282
13295
13305
13311
13317
13341
13350
13352
13359
13373
13377
13383
13419
13423
13434
13444
13445
13449
13467
13482
13485
13496
13499
13530
13566
13570
13585
13606
13619
13629
13631
13643
13653
13665
13676
13679
13681
13687
13711
13712
13726
13743
13753
13754
13771
13798
13816
13823
13848
13866
13869
13880
13893
13914
13918
13927
13936
13943
13947
13958
13964
13967
13976
13981
13988
14023
14026
14038
14044
14045
14058
14059
14075
14130
14132
14151
14157
14172
14173
14183
14186
14205
14216
14224
14230
14232
14248
14250
14258
14260
14275
14280
14281
14309
14317
14320
14325
14330
14338
14340
14360
14371
14378
14409
14410
14411
14414
14419
14432
14450
14452
14453
14462
14470
14478
14479
14505
14526
14540
14544
14547
14548
14553
14554
14560
14568
14577
14578
14580
14588
14589
14610
14624
14646
14657
14661
14679
14688
14694
14696
14719
14720
14728
14733
14740
14748
14749
14760
14769
14777
14779
14799
14816
14836
14838
14842
14850
14852
14857
14864
14871
14893
14904
14941
14943
14970
14977
14983
14986
14989
15023
15068
15080
15083
15090
15103
15105
15116
15125
15131
15142
15147
15165
15185
15195
15202
15211
15217
15230
15234
15236
15238
15239
15262
15290
15294
15297
15298
15299
15311
15330
15336
15339
15342
15348
15354
15363
15364
15365
15374
15379
15381
15394
15400
15404
15429
15446
15454
15457
15464
15470
15485
15487
15491
15498
15530
15531
15551
15562
15566
15602
15636
15640
15646
15649
15651
15656
15666
15683
15694
15699
15717
15721
15724
15726
15731
15743
15745
15746
15759
15785
15813
15815
15818
15841
15843
15847
15869
15870
15873
15884
15886
15912
15943
15963
15964
15980
15986
15996
15998
16002
16015
16035
16036
16039
16040
16046
16047
16058
16069
16073
16075
16085
16092
16111
16115
16118
16122
16139
16143
16160
16163
16170
16213
16214
16222
16235
16236
16238
16240
16250
16266
16268
16285
16299
16300
16326
16331
16336
16337
16344
16346
16358
16373
16384
16392
16410
16411
16428
16431
16477
16481
16483
16489
16506
16514
16523
16547
16559
16565
16575
16590
16594
16600
16609
16630
16634
16639
16642
16662
16663
16665
16671
16673
16679
16689
16697
16718
16747
16768
16787
16792
16826
16853
16859
16864
16872
16884
16885
16894
16896
16906
16916
16923
16928
16946
16955
16958
16977
17006
17029
17041
17043
17056
17058
17062
17064
17084
17087
17113
17118
17133
17136
17140
17141
17142
17158
17159
17192
17197
17201
17208
17218
17223
17232
17253
17264
17273
17280
17286
17300
17314
17331
17332
17334
17340
17356
17403
17407
17416
17423
17427
17431
17454
17468
17472
17491
17501
17513
17525
17533
17543
17545
17546
17553
17559
17575
17580
17586
17591
17596
17602
17604
17618
17621
17625
17629
17646
17662
17670
17678
17683
17687
17690
17712
17729
17731
17737
17749
17751
17760
17764
17776
17779
17781
17783
17787
17791
17793
17798
17811
17846
17849
17850
17858
17870
17871
17886
17889
17893
17930
17932
17936
17947
17948
17959
17961
17964
17986
17987
17997
18003
18005
18017
18023
18024
18075
18083
18094
18099
18113
18118
18132
18138
18151
18158
18168
18175
18192
18196
18198
18210
18231
18263
18267
18268
18271
18274
18309
18322
18333
18337
18351
18355
18406
18408
18414
18416
18418
18424
18425
18440
18446
18448
18463
18466
18472
18474
18491
18497
18498
18501
18505
18510
18516
18520
18529
18534
18550
18556
18568
18573
18587
18589
18622
18635
18641
18647
18648
18649
18665
18666
18670
18678
18683
18687
18692
18701
18703
18711
18713
18716
18717
18719
18734
18739
18745
18746
18768
18773
18776
18779
18796
18805
18826
18828
18830
18836
18850
18858
18866
18880
18902
18905
18907
18909
18915
18942
18949
18950
18987
18990
19002
19016
19022
19024
19031
19036
19044
19054
19056
19062
19078
19083
19103
19105
19109
19113
19146
19187
19194
19201
19217
19220
19228
19241
19244
19252
19262
19263
19265
19269
19283
19284
19291
19300
19308
19334
19354
19357
19377
19379
19380
19389
19392
19400
19431
19432
19446
19457
19461
19476
19485
19489
19507
19527
19529
19534
19539
19551
19553
19559
19564
19569
19574
19585
19587
19599
19603
19609
19612
19643
19644
19670
19671
19683
19684
19689
19702
19703
19707
19711
19735
19751
19778
19780
19805
19811
19847
19850
19853
19854
19860
19861
19880
19881
19890
19894
19912
19919
19924
19938
19940
19941
19947
19976
19987
19999
TIME ELAPSED IN NANOSECONDS: 5023249

===========HeapSort=============
19
29
43
47
53
57
62
64
66
98
103
112
119
123
134
138
153
180
182
199
202
208
212
216
229
251
252
295
299
310
319
322
355
369
372
375
423
432
448
454
460
466
475
489
490
491
495
535
539
543
546
553
555
579
600
603
604
612
615
617
626
637
657
662
674
677
707
709
710
724
742
765
766
782
792
813
816
826
835
843
853
862
897
901
906
911
919
951
967
968
970
974
990
1017
1047
1068
1080
1089
1098
1100
1104
1109
1110
1154
1167
1193
1194
1205
1234
1253
1264
1273
1278
1286
1297
1308
1319
1322
1333
1348
1349
1366
1391
1412
1461
1474
1482
1494
1503
1512
1534
1565
1571
1583
1597
1598
1610
1614
1619
1623
1638
1650
1676
1693
1703
1714
1723
1730
1756
1757
1759
1764
1771
1772
1778
1789
1792
1796
1804
1810
1818
1872
1891
1914
1927
1928
1936
1970
1975
1976
1977
1993
2004
2022
2032
2033
2034
2037
2049
2101
2111
2114
2115
2130
2158
2196
2201
2224
2231
2237
2242
2243
2259
2263
2312
2323
2324
2357
2358
2384
2418
2440
2445
2446
2467
2468
2504
2509
2517
2565
2600
2608
2611
2614
2617
2634
2635
2646
2647
2648
2652
2654
2655
2703
2715
2719
2729
2745
2748
2769
2787
2788
2792
2807
2811
2813
2826
2828
2871
2881
2884
2892
2893
2895
2909
2931
2949
2954
2963
2965
2968
2973
2988
2997
3004
3024
3035
3040
3059
3066
3069
3073
3080
3085
3105
3118
3129
3144
3153
3155
3156
3173
3174
3175
3184
3193
3195
3205
3223
3236
3251
3293
3295
3309
3327
3337
3361
3378
3395
3401
3423
3430
3437
3464
3484
3490
3495
3504
3506
3507
3513
3529
3555
3561
3565
3573
3581
3607
3608
3611
3617
3628
3631
3632
3638
3648
3659
3662
3682
3692
3710
3717
3786
3791
3793
3802
3805
3813
3814
3816
3827
3835
3836
3840
3843
3846
3855
3865
3870
3874
3903
3908
3910
3913
3919
3923
3924
3928
3934
3943
3946
3963
3969
3971
3985
3987
3991
3995
3999
4007
4012
4034
4063
4086
4088
4100
4101
4103
4107
4113
4128
4139
4140
4142
4153
4166
4171
4184
4187
4198
4200
4204
4206
4207
4234
4259
4277
4297
4299
4305
4323
4328
4329
4331
4346
4358
4368
4389
4396
4400
4413
4414
4421
4426
4432
4435
4448
4473
4491
4497
4508
4515
4521
4524
4528
4536
4539
4547
4551
4576
4592
4599
4600
4601
4607
4619
4636
4648
4650
4658
4665
4687
4694
4695
4716
4723
4727
4728
4739
4757
4762
4769
4800
4801
4823
4838
4856
4865
4881
4884
4885
4892
4900
4904
4905
4909
4912
4915
4923
4927
4946
4949
4952
4953
4977
4983
5003
5004
5023
5029
5034
5051
5052
5060
5086
5088
5095
5103
5111
5120
5121
5127
5135
5155
5156
5178
5184
5238
5242
5248
5249
5252
5264
5278
5288
5289
5299
5306
5320
5330
5341
5345
5348
5349
5357
5361
5382
5389
5400
5402
5403
5405
5408
5415
5422
5428
5448
5451
5470
5489
5498
5507
5513
5526
5529
5534
5540
5553
5565
5571
5572
5579
5580
5587
5590
5599
5601
5617
5652
5666
5674
5675
5676
5677
5682
5697
5711
5714
5723
5724
5727
5728
5730
5736
5737
5744
5755
5769
5777
5781
5791
5806
5822
5848
5857
5863
5874
5876
5881
5893
5913
5921
5925
5936
5940
5941
5950
5959
5972
5975
5977
5978
5988
5989
5994
5995
6011
6015
6022
6046
6049
6055
6059
6061
6089
6094
6108
6126
6133
6142
6153
6160
6164
6172
6174
6176
6177
6181
6206
6212
6217
6228
6242
6247
6248
6251
6261
6268
6271
6272
6280
6283
6286
6314
6326
6349
6365
6379
6413
6421
6452
6463
6498
6525
6532
6552
6569
6581
6593
6594
6605
6634
6637
6641
6646
6648
6650
6676
6688
6696
6704
6707
6723
6745
6755
6759
6767
6770
6773
6788
6789
6815
6819
6834
6870
6875
6877
6893
6941
6951
6991
6992
6995
7001
7007
7011
7013
7016
7018
7019
7020
7026
7033
7039
7055
7056
7060
7070
7083
7108
7143
7147
7150
7161
7178
7192
7211
7223
7238
7282
7284
7286
7299
7312
7315
7317
7343
7380
7389
7393
7402
7403
7413
7416
7441
7449
7451
7453
7458
7464
7468
7475
7485
7487
7492
7498
7520
7521
7531
7554
7555
7562
7595
7603
7606
7609
7622
7636
7647
7648
7651
7652
7655
7677
7687
7689
7691
7692
7694
7698
7700
7708
7711
7724
7753
7778
7782
7791
7806
7810
7817
7818
7820
7832
7839
7843
7853
7856
7859
7862
7903
7906
7908
7912
7915
7928
7940
7954
7990
7993
8017
8032
8034
8035
8041
8046
8066
8126
8132
8136
8164
8175
8177
8179
8194
8199
8227
8238
8255
8265
8280
8282
8312
8361
8364
8368
8378
8383
8389
8392
8395
8410
8417
8426
8452
8476
8496
8497
8501
8506
8511
8515
8537
8540
8549
8553
8563
8579
8585
8592
8598
8627
8642
8661
8671
8674
8678
8698
8699
8736
8737
8744
8747
8759
8763
8765
8790
8791
8795
8816
8821
8825
8830
8846
8857
8860
8870
8884
8904
8905
8908
8920
8922
8965
8981
8983
8984
9000
9013
9034
9038
9042
9050
9061
9069
9083
9086
9092
9107
9135
9155
9161
9171
9173
9177
9182
9204
9207
9211
9216
9226
9237
9251
9256
9265
9266
9268
9279
9284
9285
9290
9291
9296
9319
9333
9339
9341
9356
9369
9380
9388
9402
9423
9463
9464
9475
9479
9490
9525
9530
9535
9538
9540
9545
9552
9567
9568
9569
9572
9580
9581
9582
9605
9615
9625
9650
9651
9653
9657
9671
9674
9677
9691
9698
9701
9713
9716
9722
9730
9749
9768
9790
9801
9804
9808
9838
9849
9850
9851
9899
9904
9916
9917
9926
9946
9951
9974
9978
9983
9987
9998
10010
10018
10024
10028
10029
10033
10040
10042
10054
10082
10103
10105
10113
10122
10136
10154
10156
10173
10186
10192
10195
10213
10219
10220
10223
10228
10232
10240
10242
10252
10276
10283
10287
10299
10300
10309
10315
10332
10366
10376
10392
10399
10400
10413
10428
10430
10433
10438
10440
10453
10464
10466
10474
10476
10477
10481
10516
10526
10527
10565
10601
10633
10635
10642
10645
10658
10679
10690
10694
10701
10713
10718
10720
10724
10725
10728
10761
10764
10774
10775
10779
10803
10811
10834
10839
10853
10882
10892
10910
10916
10917
10919
10921
10936
10940
10947
10949
10971
10998
11002
11015
11033
11034
11037
11051
11065
11068
11069
11073
11083
11089
11100
11102
11109
11111
11116
11127
11128
11142
11145
11155
11164
11197
11198
11202
11296
11313
11314
11316
11324
11326
11337
11351
11354
11373
11409
11419
11421
11431
11443
11466
11473
11482
11494
11496
11500
11514
11519
11523
11536
11544
11561
11566
11569
11571
11579
11581
11582
11583
11587
11596
11598
11600
11607
11618
11628
11631
11640
11651
11669
11696
11697
11706
11709
11715
11726
11740
11753
11775
11779
11787
11790
11808
11819
11823
11829
11839
11849
11865
11868
11873
11881
11887
11888
11894
11897
11902
11915
11926
11929
11933
11943
11954
11962
11966
11972
11993
12014
12018
12019
12025
12043
12049
12058
12062
12065
12074
12100
12105
12106
12122
12129
12132
12155
12156
12159
12162
12169
12170
12196
12210
12233
12254
12258
12260
12276
12289
12301
12322
12324
12333
12339
12341
12346
12350
12358
12374
12397
12418
12424
12441
12451
12489
12490
12495
12505
12506
12535
12539
12574
12585
12598
12626
12629
12634
12641
12644
12647
12652
12656
12664
12668
12669
12687
12700
12719
12732
12761
12792
12799
12802
12811
12816
12830
12835
12843
12847
12850
12857
12858
12861
12864
12867
12892
12894
12896
12917
12925
12937
12960
12975
12981
12982
13006
13031
13033
13036
13076
13077
13096
13100
13109
13123
13127
13136
13138
13149
13151
13164
13183
13191
13195
13211
13218
13224
13227
13253
13256
13268
13272
13277
13282
13295
13305
13311
13317
13341
13350
13352
13359
13373
13377
13383
13419
13423
13434
13444
13445
13449
13467
13482
13485
13496
13499
13530
13566
13570
13585
13606
13619
13629
13631
13643
13653
13665
13676
13679
13681
13687
13711
13712
13726
13743
13753
13754
13771
13798
13816
13823
13848
13866
13869
13880
13893
13914
13918
13927
13936
13943
13947
13958
13964
13967
13976
13981
13988
14023
14026
14038
14044
14045
14058
14059
14075
14130
14132
14151
14157
14172
14173
14183
14186
14205
14216
14224
14230
14232
14248
14250
14258
14260
14275
14280
14281
14309
14317
14320
14325
14330
14338
14340
14360
14371
14378
14409
14410
14411
14414
14419
14432
14450
14452
14453
14462
14470
14478
14479
14505
14526
14540
14544
14547
14548
14553
14554
14560
14568
14577
14578
14580
14588
14589
14610
14624
14646
14657
14661
14679
14688
14694
14696
14719
14720
14728
14733
14740
14748
14749
14760
14769
14777
14779
14799
14816
14836
14838
14842
14850
14852
14857
14864
14871
14893
14904
14941
14943
14970
14977
14983
14986
14989
15023
15068
15080
15083
15090
15103
15105
15116
15125
15131
15142
15147
15165
15185
15195
15202
15211
15217
15230
15234
15236
15238
15239
15262
15290
15294
15297
15298
15299
15311
15330
15336
15339
15342
15348
15354
15363
15364
15365
15374
15379
15381
15394
15400
15404
15429
15446
15454
15457
15464
15470
15485
15487
15491
15498
15530
15531
15551
15562
15566
15602
15636
15640
15646
15649
15651
15656
15666
15683
15694
15699
15717
15721
15724
15726
15731
15743
15745
15746
15759
15785
15813
15815
15818
15841
15843
15847
15869
15870
15873
15884
15886
15912
15943
15963
15964
15980
15986
15996
15998
16002
16015
16035
16036
16039
16040
16046
16047
16058
16069
16073
16075
16085
16092
16111
16115
16118
16122
16139
16143
16160
16163
16170
16213
16214
16222
16235
16236
16238
16240
16250
16266
16268
16285
16299
16300
16326
16331
16336
16337
16344
16346
16358
16373
16384
16392
16410
16411
16428
16431
16477
16481
16483
16489
16506
16514
16523
16547
16559
16565
16575
16590
16594
16600
16609
16630
16634
16639
16642
16662
16663
16665
16671
16673
16679
16689
16697
16718
16747
16768
16787
16792
16826
16853
16859
16864
16872
16884
16885
16894
16896
16906
16916
16923
16928
16946
16955
16958
16977
17006
17029
17041
17043
17056
17058
17062
17064
17084
17087
17113
17118
17133
17136
17140
17141
17142
17158
17159
17192
17197
17201
17208
17218
17223
17232
17253
17264
17273
17280
17286
17300
17314
17331
17332
17334
17340
17356
17403
17407
17416
17423
17427
17431
17454
17468
17472
17491
17501
17513
17525
17533
17543
17545
17546
17553
17559
17575
17580
17586
17591
17596
17602
17604
17618
17621
17625
17629
17646
17662
17670
17678
17683
17687
17690
17712
17729
17731
17737
17749
17751
17760
17764
17776
17779
17781
17783
17787
17791
17793
17798
17811
17846
17849
17850
17858
17870
17871
17886
17889
17893
17930
17932
17936
17947
17948
17959
17961
17964
17986
17987
17997
18003
18005
18017
18023
18024
18075
18083
18094
18099
18113
18118
18132
18138
18151
18158
18168
18175
18192
18196
18198
18210
18231
18263
18267
18268
18271
18274
18309
18322
18333
18337
18351
18355
18406
18408
18414
18416
18418
18424
18425
18440
18446
18448
18463
18466
18472
18474
18491
18497
18498
18501
18505
18510
18516
18520
18529
18534
18550
18556
18568
18573
18587
18589
18622
18635
18641
18647
18648
18649
18665
18666
18670
18678
18683
18687
18692
18701
18703
18711
18713
18716
18717
18719
18734
18739
18745
18746
18768
18773
18776
18779
18796
18805
18826
18828
18830
18836
18850
18858
18866
18880
18902
18905
18907
18909
18915
18942
18949
18950
18987
18990
19002
19016
19022
19024
19031
19036
19044
19054
19056
19062
19078
19083
19103
19105
19109
19113
19146
19187
19194
19201
19217
19220
19228
19241
19244
19252
19262
19263
19265
19269
19283
19284
19291
19300
19308
19334
19354
19357
19377
19379
19380
19389
19392
19400
19431
19432
19446
19457
19461
19476
19485
19489
19507
19527
19529
19534
19539
19551
19553
19559
19564
19569
19574
19585
19587
19599
19603
19609
19612
19643
19644
19670
19671
19683
19684
19689
19702
19703
19707
19711
19735
19751
19778
19780
19805
19811
19847
19850
19853
19854
19860
19861
19880
19881
19890
19894
19912
19919
19924
19938
19940
19941
19947
19976
19987
19999
TIME ELAPSED IN NANOSECONDS: 1789107

