===========QuickSort Using First Item Pivot and Smallest Partition Size=============
7
24
88
117
125
175
223
257
262
302
316
322
334
342
501
548
555
639
683
747
759
765
777
847
880
890
900
915
936
983
1047
1151
1207
1236
1255
1284
1411
1423
1485
1528
1572
1581
1625
1706
1724
1781
1827
1904
2073
2093
2136
2159
2161
2205
2238
2265
2287
2307
2331
2340
2344
2403
2418
2421
2506
2538
2541
2555
2563
2590
2600
2634
2636
2767
2797
2842
3047
3178
3220
3242
3293
3325
3455
3469
3518
3519
3570
3590
3739
3792
3895
3913
3915
3951
4010
4035
4058
4061
4070
4096
4108
4123
4132
4173
4185
4194
4415
4453
4480
4592
4602
4608
4628
4657
4662
4716
4891
4907
4922
4944
5016
5021
5111
5126
5159
5208
5223
5230
5289
5300
5336
5341
5380
5484
5620
5650
5665
5729
5731
5742
5773
5898
5905
5970
6017
6025
6027
6030
6070
6076
6079
6099
6109
6139
6171
6173
6181
6191
6332
6333
6352
6359
6385
6513
6521
6571
6585
6602
6610
6698
6700
6706
6721
6836
6861
6911
6974
6978
6990
7064
7076
7092
7105
7146
7173
7298
7303
7309
7362
7376
7500
7597
7691
7701
7739
7756
7759
7829
7860
7927
7961
7970
8029
8108
8127
8206
8285
8287
8311
8360
8443
8561
8574
8575
8619
8635
8643
8654
8656
8705
8725
8750
8752
8757
8787
8847
8936
8987
8996
9089
9131
9137
9139
9196
9233
9240
9247
9273
9309
9345
9390
9493
9512
9524
9551
9560
9561
9564
9573
9591
9606
9650
9661
9695
9703
9733
9736
9751
9755
9764
9854
9858
9917
9926
9930
9946
9965
10034
10193
10256
10360
10516
10588
10611
10616
10630
10631
10650
10691
10692
10698
10711
10735
10827
10908
10909
11027
11079
11085
11119
11204
11226
11234
11239
11241
11274
11284
11289
11304
11350
11352
11368
11369
11395
11465
11559
11614
11653
11689
11802
11836
11867
11870
11888
11928
11930
12001
12027
12131
12178
12244
12261
12280
12304
12477
12513
12545
12567
12570
12622
12659
12713
12724
12753
12762
12792
12861
12875
12898
12961
13005
13015
13018
13034
13118
13188
13360
13396
13511
13537
13591
13640
13702
13741
13949
13968
14020
14027
14039
14071
14103
14118
14168
14293
14364
14419
14444
14445
14464
14492
14620
14686
14715
14731
14736
14840
14888
14915
14937
14974
15114
15122
15197
15285
15355
15406
15431
15434
15454
15462
15665
15745
15874
15882
16051
16078
16101
16120
16169
16174
16266
16280
16317
16324
16327
16342
16366
16370
16408
16617
16622
16649
16700
16841
16889
16912
16969
17012
17025
17131
17146
17155
17168
17193
17219
17227
17234
17337
17454
17489
17520
17531
17595
17666
17740
17747
17776
17789
17869
17874
17887
17922
17925
17966
17988
18001
18004
18060
18065
18101
18136
18150
18367
18427
18432
18540
18550
18555
18558
18596
18646
18695
18716
18732
18751
18795
18836
18850
18881
18888
18908
18921
18933
19020
19075
19102
19119
19250
19290
19305
19324
19336
19376
19435
19525
19528
19572
19581
19591
19596
19601
19606
19679
19726
19750
19774
19780
19804
19809
19907
TIME ELAPSED IN NANOSECONDS: 114165

===========QuickSort Using First Item and 50 Partition Size=============
7
24
88
117
125
175
223
257
262
302
316
322
334
342
501
548
555
639
683
747
759
765
777
847
880
890
900
915
936
983
1047
1151
1207
1236
1255
1284
1411
1423
1485
1528
1572
1581
1625
1706
1724
1781
1827
1904
2073
2093
2136
2159
2161
2205
2238
2265
2287
2307
2331
2340
2344
2403
2418
2421
2506
2538
2541
2555
2563
2590
2600
2634
2636
2767
2797
2842
3047
3178
3220
3242
3293
3325
3455
3469
3518
3519
3570
3590
3739
3792
3895
3913
3915
3951
4010
4035
4058
4061
4070
4096
4108
4123
4132
4173
4185
4194
4415
4453
4480
4592
4602
4608
4628
4657
4662
4716
4891
4907
4922
4944
5016
5021
5111
5126
5159
5208
5223
5230
5289
5300
5336
5341
5380
5484
5620
5650
5665
5729
5731
5742
5773
5898
5905
5970
6017
6025
6027
6030
6070
6076
6079
6099
6109
6139
6171
6173
6181
6191
6332
6333
6352
6359
6385
6513
6521
6571
6585
6602
6610
6698
6700
6706
6721
6836
6861
6911
6974
6978
6990
7064
7076
7092
7105
7146
7173
7298
7303
7309
7362
7376
7500
7597
7691
7701
7739
7756
7759
7829
7860
7927
7961
7970
8029
8108
8127
8206
8285
8287
8311
8360
8443
8561
8574
8575
8619
8635
8643
8654
8656
8705
8725
8750
8752
8757
8787
8847
8936
8987
8996
9089
9131
9137
9139
9196
9233
9240
9247
9273
9309
9345
9390
9493
9512
9524
9551
9560
9561
9564
9573
9591
9606
9650
9661
9695
9703
9733
9736
9751
9755
9764
9854
9858
9917
9926
9930
9946
9965
10034
10193
10256
10360
10516
10588
10611
10616
10630
10631
10650
10691
10692
10698
10711
10735
10827
10908
10909
11027
11079
11085
11119
11204
11226
11234
11239
11241
11274
11284
11289
11304
11350
11352
11368
11369
11395
11465
11559
11614
11653
11689
11802
11836
11867
11870
11888
11928
11930
12001
12027
12131
12178
12244
12261
12280
12304
12477
12513
12545
12567
12570
12622
12659
12713
12724
12753
12762
12792
12861
12875
12898
12961
13005
13015
13018
13034
13118
13188
13360
13396
13511
13537
13591
13640
13702
13741
13949
13968
14020
14027
14039
14071
14103
14118
14168
14293
14364
14419
14444
14445
14464
14492
14620
14686
14715
14731
14736
14840
14888
14915
14937
14974
15114
15122
15197
15285
15355
15406
15431
15434
15454
15462
15665
15745
15874
15882
16051
16078
16101
16120
16169
16174
16266
16280
16317
16324
16327
16342
16366
16370
16408
16617
16622
16649
16700
16841
16889
16912
16969
17012
17025
17131
17146
17155
17168
17193
17219
17227
17234
17337
17454
17489
17520
17531
17595
17666
17740
17747
17776
17789
17869
17874
17887
17922
17925
17966
17988
18001
18004
18060
18065
18101
18136
18150
18367
18427
18432
18540
18550
18555
18558
18596
18646
18695
18716
18732
18751
18795
18836
18850
18881
18888
18908
18921
18933
19020
19075
19102
19119
19250
19290
19305
19324
19336
19376
19435
19525
19528
19572
19581
19591
19596
19601
19606
19679
19726
19750
19774
19780
19804
19809
19907
TIME ELAPSED IN NANOSECONDS: 137836

===========QuickSort Using First Item and 100 Partition Size=============
7
24
88
117
125
175
223
257
262
302
316
322
334
342
501
548
555
639
683
747
759
765
777
847
880
890
900
915
936
983
1047
1151
1207
1236
1255
1284
1411
1423
1485
1528
1572
1581
1625
1706
1724
1781
1827
1904
2073
2093
2136
2159
2161
2205
2238
2265
2287
2307
2331
2340
2344
2403
2418
2421
2506
2538
2541
2555
2563
2590
2600
2634
2636
2767
2797
2842
3047
3178
3220
3242
3293
3325
3455
3469
3518
3519
3570
3590
3739
3792
3895
3913
3915
3951
4010
4035
4058
4061
4070
4096
4108
4123
4132
4173
4185
4194
4415
4453
4480
4592
4602
4608
4628
4657
4662
4716
4891
4907
4922
4944
5016
5021
5111
5126
5159
5208
5223
5230
5289
5300
5336
5341
5380
5484
5620
5650
5665
5729
5731
5742
5773
5898
5905
5970
6017
6025
6027
6030
6070
6076
6079
6099
6109
6139
6171
6173
6181
6191
6332
6333
6352
6359
6385
6513
6521
6571
6585
6602
6610
6698
6700
6706
6721
6836
6861
6911
6974
6978
6990
7064
7076
7092
7105
7146
7173
7298
7303
7309
7362
7376
7500
7597
7691
7701
7739
7756
7759
7829
7860
7927
7961
7970
8029
8108
8127
8206
8285
8287
8311
8360
8443
8561
8574
8575
8619
8635
8643
8654
8656
8705
8725
8750
8752
8757
8787
8847
8936
8987
8996
9089
9131
9137
9139
9196
9233
9240
9247
9273
9309
9345
9390
9493
9512
9524
9551
9560
9561
9564
9573
9591
9606
9650
9661
9695
9703
9733
9736
9751
9755
9764
9854
9858
9917
9926
9930
9946
9965
10034
10193
10256
10360
10516
10588
10611
10616
10630
10631
10650
10691
10692
10698
10711
10735
10827
10908
10909
11027
11079
11085
11119
11204
11226
11234
11239
11241
11274
11284
11289
11304
11350
11352
11368
11369
11395
11465
11559
11614
11653
11689
11802
11836
11867
11870
11888
11928
11930
12001
12027
12131
12178
12244
12261
12280
12304
12477
12513
12545
12567
12570
12622
12659
12713
12724
12753
12762
12792
12861
12875
12898
12961
13005
13015
13018
13034
13118
13188
13360
13396
13511
13537
13591
13640
13702
13741
13949
13968
14020
14027
14039
14071
14103
14118
14168
14293
14364
14419
14444
14445
14464
14492
14620
14686
14715
14731
14736
14840
14888
14915
14937
14974
15114
15122
15197
15285
15355
15406
15431
15434
15454
15462
15665
15745
15874
15882
16051
16078
16101
16120
16169
16174
16266
16280
16317
16324
16327
16342
16366
16370
16408
16617
16622
16649
16700
16841
16889
16912
16969
17012
17025
17131
17146
17155
17168
17193
17219
17227
17234
17337
17454
17489
17520
17531
17595
17666
17740
17747
17776
17789
17869
17874
17887
17922
17925
17966
17988
18001
18004
18060
18065
18101
18136
18150
18367
18427
18432
18540
18550
18555
18558
18596
18646
18695
18716
18732
18751
18795
18836
18850
18881
18888
18908
18921
18933
19020
19075
19102
19119
19250
19290
19305
19324
19336
19376
19435
19525
19528
19572
19581
19591
19596
19601
19606
19679
19726
19750
19774
19780
19804
19809
19907
TIME ELAPSED IN NANOSECONDS: 110342

===========QuickSort Using Median Item and Smallest Partition Size=============
7
24
88
117
125
175
223
257
262
302
316
322
334
342
501
548
555
639
683
747
759
765
777
847
880
890
900
915
936
983
1047
1151
1207
1236
1255
1284
1411
1423
1485
1528
1572
1581
1625
1706
1724
1781
1827
1904
2073
2093
2136
2159
2161
2205
2238
2265
2287
2307
2331
2340
2344
2403
2418
2421
2506
2538
2541
2555
2563
2590
2600
2634
2636
2767
2797
2842
3047
3178
3220
3242
3293
3325
3455
3469
3518
3519
3570
3590
3739
3792
3895
3913
3915
3951
4010
4035
4058
4061
4070
4096
4108
4123
4132
4173
4185
4194
4415
4453
4480
4592
4602
4608
4628
4657
4662
4716
4891
4907
4922
4944
5016
5021
5111
5126
5159
5208
5223
5230
5289
5300
5336
5341
5380
5484
5620
5650
5665
5729
5731
5742
5773
5898
5905
5970
6017
6025
6027
6030
6070
6076
6079
6099
6109
6139
6171
6173
6181
6191
6332
6333
6352
6359
6385
6513
6521
6571
6585
6602
6610
6698
6700
6706
6721
6836
6861
6911
6974
6978
6990
7064
7076
7092
7105
7146
7173
7298
7303
7309
7362
7376
7500
7597
7691
7701
7739
7756
7759
7829
7860
7927
7961
7970
8029
8108
8127
8206
8285
8287
8311
8360
8443
8561
8574
8575
8619
8635
8643
8654
8656
8705
8725
8750
8752
8757
8787
8847
8936
8987
8996
9089
9131
9137
9139
9196
9233
9240
9247
9273
9309
9345
9390
9493
9512
9524
9551
9560
9561
9564
9573
9591
9606
9650
9661
9695
9703
9733
9736
9751
9755
9764
9854
9858
9917
9926
9930
9946
9965
10034
10193
10256
10360
10516
10588
10611
10616
10630
10631
10650
10691
10692
10698
10711
10735
10827
10908
10909
11027
11079
11085
11119
11204
11226
11234
11239
11241
11274
11284
11289
11304
11350
11352
11368
11369
11395
11465
11559
11614
11653
11689
11802
11836
11867
11870
11888
11928
11930
12001
12027
12131
12178
12244
12261
12280
12304
12477
12513
12545
12567
12570
12622
12659
12713
12724
12753
12762
12792
12861
12875
12898
12961
13005
13015
13018
13034
13118
13188
13360
13396
13511
13537
13591
13640
13702
13741
13949
13968
14020
14027
14039
14071
14103
14118
14168
14293
14364
14419
14444
14445
14464
14492
14620
14686
14715
14731
14736
14840
14888
14915
14937
14974
15114
15122
15197
15285
15355
15406
15431
15434
15454
15462
15665
15745
15874
15882
16051
16078
16101
16120
16169
16174
16266
16280
16317
16324
16327
16342
16366
16370
16408
16617
16622
16649
16700
16841
16889
16912
16969
17012
17025
17131
17146
17155
17168
17193
17219
17227
17234
17337
17454
17489
17520
17531
17595
17666
17740
17747
17776
17789
17869
17874
17887
17922
17925
17966
17988
18001
18004
18060
18065
18101
18136
18150
18367
18427
18432
18540
18550
18555
18558
18596
18646
18695
18716
18732
18751
18795
18836
18850
18881
18888
18908
18921
18933
19020
19075
19102
19119
19250
19290
19305
19324
19336
19376
19435
19525
19528
19572
19581
19591
19596
19601
19606
19679
19726
19750
19774
19780
19804
19809
19907
TIME ELAPSED IN NANOSECONDS: 60283

===========HeapSort=============
7
24
88
117
125
175
223
257
262
302
316
322
334
342
501
548
555
639
683
747
759
765
777
847
880
890
900
915
936
983
1047
1151
1207
1236
1255
1284
1411
1423
1485
1528
1572
1581
1625
1706
1724
1781
1827
1904
2073
2093
2136
2159
2161
2205
2238
2265
2287
2307
2331
2340
2344
2403
2418
2421
2506
2538
2541
2555
2563
2590
2600
2634
2636
2767
2797
2842
3047
3178
3220
3242
3293
3325
3455
3469
3518
3519
3570
3590
3739
3792
3895
3913
3915
3951
4010
4035
4058
4061
4070
4096
4108
4123
4132
4173
4185
4194
4415
4453
4480
4592
4602
4608
4628
4657
4662
4716
4891
4907
4922
4944
5016
5021
5111
5126
5159
5208
5223
5230
5289
5300
5336
5341
5380
5484
5620
5650
5665
5729
5731
5742
5773
5898
5905
5970
6017
6025
6027
6030
6070
6076
6079
6099
6109
6139
6171
6173
6181
6191
6332
6333
6352
6359
6385
6513
6521
6571
6585
6602
6610
6698
6700
6706
6721
6836
6861
6911
6974
6978
6990
7064
7076
7092
7105
7146
7173
7298
7303
7309
7362
7376
7500
7597
7691
7701
7739
7756
7759
7829
7860
7927
7961
7970
8029
8108
8127
8206
8285
8287
8311
8360
8443
8561
8574
8575
8619
8635
8643
8654
8656
8705
8725
8750
8752
8757
8787
8847
8936
8987
8996
9089
9131
9137
9139
9196
9233
9240
9247
9273
9309
9345
9390
9493
9512
9524
9551
9560
9561
9564
9573
9591
9606
9650
9661
9695
9703
9733
9736
9751
9755
9764
9854
9858
9917
9926
9930
9946
9965
10034
10193
10256
10360
10516
10588
10611
10616
10630
10631
10650
10691
10692
10698
10711
10735
10827
10908
10909
11027
11079
11085
11119
11204
11226
11234
11239
11241
11274
11284
11289
11304
11350
11352
11368
11369
11395
11465
11559
11614
11653
11689
11802
11836
11867
11870
11888
11928
11930
12001
12027
12131
12178
12244
12261
12280
12304
12477
12513
12545
12567
12570
12622
12659
12713
12724
12753
12762
12792
12861
12875
12898
12961
13005
13015
13018
13034
13118
13188
13360
13396
13511
13537
13591
13640
13702
13741
13949
13968
14020
14027
14039
14071
14103
14118
14168
14293
14364
14419
14444
14445
14464
14492
14620
14686
14715
14731
14736
14840
14888
14915
14937
14974
15114
15122
15197
15285
15355
15406
15431
15434
15454
15462
15665
15745
15874
15882
16051
16078
16101
16120
16169
16174
16266
16280
16317
16324
16327
16342
16366
16370
16408
16617
16622
16649
16700
16841
16889
16912
16969
17012
17025
17131
17146
17155
17168
17193
17219
17227
17234
17337
17454
17489
17520
17531
17595
17666
17740
17747
17776
17789
17869
17874
17887
17922
17925
17966
17988
18001
18004
18060
18065
18101
18136
18150
18367
18427
18432
18540
18550
18555
18558
18596
18646
18695
18716
18732
18751
18795
18836
18850
18881
18888
18908
18921
18933
19020
19075
19102
19119
19250
19290
19305
19324
19336
19376
19435
19525
19528
19572
19581
19591
19596
19601
19606
19679
19726
19750
19774
19780
19804
19809
19907
TIME ELAPSED IN NANOSECONDS: 55555

