===========QuickSort Using First Item Pivot and Smallest Partition Size=============
885
1276
1334
1793
1811
2227
2436
3030
4152
4699
5186
5854
6004
6054
6673
7206
7832
8034
8051
8612
8781
8884
9991
10148
10648
11363
11487
12371
12561
13016
13456
13721
14084
14220
14539
14798
15083
15196
15379
15511
15854
16344
16677
17204
17395
17561
18131
18401
19286
19327
TIME ELAPSED IN NANOSECONDS: 5470

===========QuickSort Using First Item and 50 Partition Size=============
885
1276
1334
1793
1811
2227
2436
3030
4152
4699
5186
5854
6004
6054
6673
7206
7832
8034
8051
8612
8781
8884
9991
10148
10648
11363
11487
12371
12561
13016
13456
13721
14084
14220
14539
14798
15083
15196
15379
15511
15854
16344
16677
17204
17395
17561
18131
18401
19286
19327
TIME ELAPSED IN NANOSECONDS: 3176

===========QuickSort Using First Item and 100 Partition Size=============
885
1276
1334
1793
1811
2227
2436
3030
4152
4699
5186
5854
6004
6054
6673
7206
7832
8034
8051
8612
8781
8884
9991
10148
10648
11363
11487
12371
12561
13016
13456
13721
14084
14220
14539
14798
15083
15196
15379
15511
15854
16344
16677
17204
17395
17561
18131
18401
19286
19327
TIME ELAPSED IN NANOSECONDS: 2701

===========QuickSort Using Median Item and Smallest Partition Size=============
885
1276
1334
1793
1811
2227
2436
3030
4152
4699
5186
5854
6004
6054
6673
7206
7832
8034
8051
8612
8781
8884
9991
10148
10648
11363
11487
12371
12561
13016
13456
13721
14084
14220
14539
14798
15083
15196
15379
15511
15854
16344
16677
17204
17395
17561
18131
18401
19286
19327
TIME ELAPSED IN NANOSECONDS: 2293

===========HeapSort=============
885
1276
1334
1793
1811
2227
2436
3030
4152
4699
5186
5854
6004
6054
6673
7206
7832
8034
8051
8612
8781
8884
9991
10148
10648
11363
11487
12371
12561
13016
13456
13721
14084
14220
14539
14798
15083
15196
15379
15511
15854
16344
16677
17204
17395
17561
18131
18401
19286
19327
TIME ELAPSED IN NANOSECONDS: 3795

