===========QuickSort=============
18947
18977
18978
18988
19023
19047
19080
19082
19090
19177
19203
19207
19217
19234
19322
19345
19400
19428
19451
19460
19477
19510
19512
19518
19555
19572
19595
19625
19637
19652
19653
19701
19703
19707
19717
19737
19763
19805
19808
19812
19833
19858
19872
19889
19928
19929
19937
19942
19987
19997

===========HeapSort=============
18947
18977
18978
18988
19023
19047
19080
19082
19090
19177
19203
19207
19217
19234
19322
19345
19400
19428
19451
19460
19477
19510
19512
19518
19555
19572
19595
19625
19637
19652
19653
19701
19703
19707
19717
19737
19763
19805
19808
19812
19833
19858
19872
19889
19928
19929
19937
19942
19987
19997

